id	bmi	steps	height	weight	income	resting_heart_rate	shoe_size
176	24.2	11812	176.2	75.1	38400	72	42.0
76	31.8	9504	161.0	82.4	58100	69	43.0
701	31.4	13816	170.1	90.9	50600	57	43.0
1326	23.7	11721	174.8	72.4	38600	52	42.0
89	21.4	12389	183.9	72.4	70200	64	43.5
1384	26.8	12358	176.8	83.8	70400	71	43.0
1684	25.6	5253	179.0	82.0	15300	68	43.0
1346	19.7	10111	175.5	60.7	60700	63	44.0
875	20.4	9504	185.6	70.3	48700	70	43.5
44	19.2	850	181.6	63.3	47400	73	43.0
853	24.0	12237	179.1	77.0	32400	56	44.0
789	25.0	13178	170.0	72.2	29000	65	40.0
816	25.0	10415	178.8	79.9	35300	67	42.5
761	20.3	10901	197.5	79.2	46200	64	46.0
1531	22.1	12055	183.6	74.5	37600	70	44.0
860	24.9	11083	172.8	74.4	41300	63	43.0
541	24.7	12358	191.0	90.1	55000	64	44.5
102	31.9	8866	172.5	94.9	72200	79	43.0
706	23.2	668	183.0	77.7	55500	75	44.0
1583	22.5	9140	177.7	71.0	58800	62	44.0
1143	22.0	11204	179.3	70.7	38900	64	43.0
98	22.7	364	179.5	73.1	34700	78	43.0
137	24.9	7895	176.3	77.4	49300	69	44.0
488	21.4	12328	175.3	65.8	39500	70	42.0
140	23.0	6164	168.8	65.5	26200	71	42.0
892	20.5	13300	170.1	59.3	54500	71	42.0
873	25.3	8927	180.3	82.2	70400	62	43.5
891	31.8	9595	173.2	95.4	50700	72	43.0
1763	22.2	14484	171.6	65.4	60500	71	42.5
256	31.9	13482	197.8	124.8	57500	64	46.5
237	19.8	10263	195.4	75.6	34700	68	45.5
1084	24.6	12571	182.1	81.6	31400	60	42.5
1334	25.0	10962	183.1	83.8	38800	60	44.5
371	23.9	4676	172.3	71.0	48900	73	42.0
737	21.3	9231	169.7	61.3	33400	66	41.5
590	25.3	13026	175.6	78.0	74900	64	42.0
1164	16.4	547	178.0	52.0	61200	83	44.0
1029	28.1	12358	183.0	94.1	48000	68	44.0
812	20.4	9990	165.2	55.7	31800	71	43.5
689	28.9	6589	193.0	107.6	50900	68	46.0
1350	22.4	12723	179.7	72.3	31600	72	43.0
101	22.7	8168	167.1	63.4	70000	73	41.5
1040	23.7	12146	179.1	76.0	44900	66	44.0
1110	29.7	12419	171.7	87.6	50400	67	41.5
796	21.3	6771	171.2	62.4	65400	59	42.0
1005	15.5	3492	170.6	45.1	58300	74	41.5
60	18.9	2277	176.2	58.7	67600	68	44.0
413	24.0	12480	192.7	89.1	61000	58	45.0
697	29.5	13725	178.6	94.1	41500	58	44.0
634	23.5	12298	182.9	78.6	25800	54	43.5
18	20.2	10476	184.6	68.8	18400	72	44.5
668	23.5	10749	177.0	73.6	57600	65	43.0
472	19.9	12055	169.9	57.4	38700	62	43.5
1481	30.5	13421	166.8	84.9	38900	56	41.0
291	21.7	577	175.3	66.7	26200	81	44.5
1733	25.1	11447	186.0	86.8	55000	69	44.5
1522	25.2	10719	184.5	85.8	42300	61	44.5
604	25.2	4737	179.8	81.5	65000	73	44.5
14	28.2	6619	180.7	92.1	73900	82	42.5
1571	24.2	9231	177.0	75.8	26500	71	42.5
524	19.0	2338	174.6	57.9	41600	80	44.0
539	25.1	7682	172.8	74.9	53600	68	42.0
517	25.2	11690	167.7	70.9	34700	60	43.5
666	30.2	6559	190.6	109.7	37500	69	46.5
1282	16.9	4980	179.2	54.3	35900	67	43.5
805	23.5	8229	174.9	71.9	24800	61	43.5
1391	25.1	4767	190.7	91.3	60600	73	43.5
1623	23.5	9140	192.1	86.7	41600	71	44.5
1189	20.6	9413	197.2	80.1	29800	68	46.0
540	31.6	12814	176.3	98.2	38600	74	43.0
746	28.9	11417	178.7	92.3	52000	59	44.5
163	28.2	304	182.6	94.0	42400	66	44.0
1212	31.1	13209	189.6	111.8	18300	64	44.5
1294	31.8	9747	178.4	101.2	51100	62	43.5
1236	24.4	12601	171.1	71.4	39500	63	42.0
886	21.2	7075	172.7	63.2	26100	71	42.5
1540	29.0	10142	186.2	100.5	54600	63	44.0
1203	24.1	12146	182.3	80.1	42500	64	44.0
201	20.2	10840	176.8	63.1	34500	69	44.0
1271	24.9	4494	176.3	77.4	70800	67	42.5
825	29.2	11508	176.8	91.3	38300	70	43.0
1460	26.8	12055	186.7	93.4	70300	66	45.0
235	28.5	425	172.5	84.8	49500	79	43.0
141	20.8	9383	169.5	59.8	31100	59	41.5
608	27.2	9200	190.7	98.9	44800	75	45.5
6	31.4	10749	178.2	99.7	39100	66	44.0
1644	19.4	12753	177.4	61.1	51500	66	44.0
104	26.1	3462	182.7	87.1	64700	72	44.0
1490	21.5	12115	171.1	62.9	33600	68	42.5
576	24.0	9808	183.3	80.6	12000	68	43.5
1210	15.6	2429	175.3	47.9	49900	68	42.5
1041	23.9	14696	185.9	82.6	37800	58	44.5
1347	21.5	13117	167.3	60.2	42900	64	42.0
940	26.7	6619	181.2	87.7	40000	63	42.5
1421	23.2	9109	176.4	72.2	59300	67	42.5
767	25.5	13360	173.1	76.4	50900	58	43.0
300	20.9	12601	183.4	70.3	55500	62	46.0
436	23.5	14423	177.0	73.6	51500	68	43.5
1287	23.6	4464	181.3	77.6	26800	65	44.0
282	24.2	3644	186.9	84.5	46300	71	45.5
1360	23.9	11174	183.5	80.5	54500	67	43.0
1379	18.7	11690	170.4	54.3	36800	66	42.0
670	21.2	6984	174.2	64.3	44400	63	43.0
803	18.6	2004	181.2	61.1	63500	68	43.5
1665	30.0	12206	183.6	101.1	42500	71	43.5
1459	26.3	3067	175.3	80.8	35500	77	43.0
1263	23.5	11174	179.4	75.6	45200	65	43.5
1561	30.1	11721	179.3	96.8	50600	72	44.5
170	29.0	10142	180.3	94.3	60200	62	44.0
1302	31.1	13178	169.7	89.6	48300	72	42.0
840	27.4	6650	168.1	77.4	81600	75	42.0
1757	18.7	1245	162.2	49.2	43800	71	41.0
286	20.3	9747	178.7	64.8	37400	72	45.5
1152	24.7	4676	168.5	70.1	51500	64	41.0
966	23.7	12115	193.0	88.3	45000	60	44.5
1126	20.6	12966	182.6	68.7	41100	61	43.0
1373	26.1	12206	169.7	75.2	38000	61	41.5
355	24.3	3370	185.9	84.0	17800	74	45.5
909	24.8	12844	186.0	85.8	46300	60	44.0
919	25.9	6043	186.5	90.1	32500	67	44.5
1008	27.6	12692	172.3	81.9	51000	67	44.0
142	19.6	11144	183.0	65.6	38600	71	42.5
53	21.2	7257	186.6	73.8	29000	69	45.0
698	28.8	13877	189.0	102.9	70400	63	46.0
1339	24.9	10233	167.3	69.7	79500	66	43.5
1651	27.7	12510	176.5	86.3	57200	68	43.5
287	20.7	12206	172.1	61.3	54200	59	42.5
1323	20.0	11781	191.0	73.0	34300	70	45.5
960	25.4	7318	181.4	83.6	49200	70	43.5
682	21.1	7318	184.2	71.6	61000	64	44.5
275	18.3	5344	181.3	60.2	35700	76	44.0
1468	24.2	10719	180.6	78.9	62300	55	43.0
788	20.5	13846	172.0	60.6	56800	66	41.5
26	24.0	11994	174.9	73.4	18800	67	42.5
869	28.9	6650	178.5	92.1	50000	65	43.5
1238	31.5	10202	173.5	94.8	33500	56	41.5
144	22.2	14939	172.2	65.8	36100	52	44.0
902	30.6	11781	176.6	95.4	59000	75	42.5
289	30.7	6862	173.8	92.7	45800	62	41.0
1639	23.4	15000	178.3	74.4	18900	60	43.5
442	20.0	13573	174.9	61.2	66400	61	40.5
694	20.4	11326	173.2	61.2	40300	64	41.0
153	26.8	12328	171.5	78.8	54000	58	42.5
212	17.7	6498	178.0	56.1	48900	68	44.5
1473	19.5	11326	184.2	66.2	35500	60	45.0
1538	26.0	11265	182.6	86.7	60500	66	46.5
1710	29.5	13694	167.3	82.6	58700	60	41.0
403	15.5	3674	184.0	52.5	49000	69	44.5
658	15.8	304	182.5	52.6	38500	83	45.5
569	25.0	8684	184.2	84.8	34200	68	42.5
696	29.2	6619	185.6	100.6	42400	62	43.0
1146	17.5	7561	172.9	52.3	34400	64	42.5
313	18.6	11842	175.9	57.5	62900	56	43.0
742	18.6	11781	190.5	67.5	19200	61	45.0
344	24.6	12996	190.1	88.9	59500	64	45.5
1740	26.1	12510	177.5	82.2	65800	64	44.0
833	18.7	1184	182.2	62.1	32000	75	43.5
297	22.3	8138	182.8	74.5	68100	64	43.5
1229	24.8	1215	190.3	89.8	25600	69	43.0
1629	19.7	9808	180.4	64.1	70300	70	42.5
1062	26.7	11933	169.5	76.7	46600	75	41.5
1548	23.2	11022	174.7	70.8	60400	66	43.0
1507	23.3	9686	199.9	93.1	29000	72	46.5
752	23.4	11872	169.2	67.0	64500	63	41.5
700	22.4	5344	178.4	71.3	55100	73	43.0
245	25.5	4190	194.2	96.2	26100	80	45.5
958	20.4	14332	172.4	60.6	72100	69	43.0
88	16.3	789	158.9	41.2	54400	68	41.5
267	19.3	2520	160.2	49.5	26000	73	41.0
1738	24.3	11812	172.4	72.2	39700	71	43.0
461	31.9	8836	165.7	87.6	69500	65	41.0
1732	20.0	11933	185.3	68.7	51100	69	45.0
1184	20.2	10476	179.9	65.4	51500	63	43.5
950	23.6	12389	163.1	62.8	64800	59	40.5
429	24.4	8441	166.8	67.9	32400	68	41.0
1491	21.2	8320	186.7	73.9	49100	69	44.5
1027	20.3	11447	179.4	65.3	43700	64	41.5
1631	27.6	243	188.0	97.5	45500	79	44.0
1015	18.4	8836	185.8	63.5	60000	71	43.5
554	29.1	10749	169.9	84.0	57300	75	43.0
1451	22.9	5769	184.2	77.7	54400	64	45.5
716	23.7	11174	181.9	78.4	58900	65	44.5
243	22.3	9747	164.3	60.2	63500	64	41.5
550	29.9	12267	168.5	84.9	69700	58	43.5
315	23.9	12480	195.1	91.0	65200	67	45.5
659	24.7	12935	171.5	72.6	60300	72	42.5
1044	22.1	13209	180.9	72.3	58500	62	43.5
912	28.9	9686	176.7	90.2	51300	58	41.5
1209	23.5	14970	179.3	75.5	45100	67	43.5
888	30.3	6832	177.1	95.0	54800	70	44.0
1087	22.0	13087	184.8	75.1	61000	66	45.0
1424	21.7	11174	184.6	73.9	53800	63	43.5
1088	30.8	14241	178.8	98.5	39100	65	43.5
1243	20.9	12115	171.7	61.6	41500	58	43.5
1682	18.2	8623	174.0	55.1	44900	57	41.5
971	30.9	6589	167.0	86.2	59100	72	41.5
1100	29.1	11447	175.7	89.8	63200	63	43.5
356	28.9	13421	165.6	79.3	60500	68	43.0
674	29.3	14241	179.5	94.4	33900	61	43.5
1371	20.5	14241	180.1	66.5	37300	65	44.5
1224	26.1	1397	185.0	89.3	46200	68	44.5
1443	30.2	6589	169.5	86.8	33700	67	42.5
1102	24.5	8077	169.9	70.7	67300	67	41.0
1638	25.1	11478	188.7	89.4	50800	65	45.5
749	18.2	5526	168.4	51.6	46400	72	43.5
595	22.1	8198	192.4	81.8	42700	81	45.0
829	31.4	14484	171.5	92.4	61600	66	41.5
1625	24.4	14119	171.6	71.8	73800	62	43.0
1439	28.5	12783	183.9	96.4	58600	60	44.0
252	31.9	13664	181.8	105.4	47700	58	43.0
265	22.0	12419	189.5	79.0	45100	67	44.5
1353	30.0	12115	164.8	81.5	48100	60	41.0
404	31.0	11781	181.7	102.3	48700	65	43.5
430	21.0	1427	177.7	66.3	36100	73	43.0
1617	22.3	8138	170.5	64.8	27400	72	41.5
1301	30.8	14241	191.2	112.6	47800	68	44.0
392	21.3	9808	179.6	68.7	44200	73	44.0
1783	24.2	729	177.6	76.3	34300	73	44.0
1034	29.0	12814	181.2	95.2	67900	62	43.5
354	21.8	10536	165.9	60.0	63000	69	43.0
1489	24.4	4646	169.3	69.9	55300	70	42.0
1028	24.9	11235	175.7	76.9	51700	61	43.5
1369	30.4	13421	180.2	98.7	43100	61	43.0
1385	18.5	12480	186.9	64.6	44800	78	44.0
822	21.2	11842	171.8	62.6	34600	57	42.0
1166	24.4	3067	170.2	70.7	56200	74	43.0
1269	28.9	11781	181.5	95.2	41700	59	43.5
718	21.4	11812	177.0	67.0	46200	61	43.0
1646	31.9	8563	164.6	86.4	58100	67	42.0
927	25.5	12480	171.6	75.1	29000	66	43.0
226	29.8	12328	176.7	93.0	70500	61	43.0
248	22.3	14453	176.9	69.8	61200	67	44.5
1642	18.7	2156	178.6	59.6	36500	79	44.5
1677	19.1	881	168.9	54.5	74200	79	41.5
523	22.9	5435	177.1	71.8	36900	69	43.5
621	21.5	6407	184.6	73.3	61900	70	42.5
97	16.9	911	157.8	42.1	45600	74	42.0
487	22.1	14453	176.0	68.5	24900	59	43.0
1496	29.3	11660	166.4	81.1	37100	69	42.5
878	19.0	2368	177.8	60.1	41700	80	43.5
1525	23.7	10810	167.5	66.5	48800	70	42.5
128	28.7	11144	178.9	91.9	34800	60	43.5
328	17.7	6407	189.4	63.5	42300	72	44.5
2	23.1	4889	171.1	67.6	51100	69	43.0
1118	29.4	11660	172.2	87.2	48400	66	42.5
733	21.6	12055	174.7	65.9	48000	63	43.0
787	23.3	4706	180.2	75.7	33900	68	44.5
82	21.7	6073	170.9	63.4	55000	71	42.5
984	25.5	12419	175.3	78.4	48200	56	43.5
619	23.8	13057	173.3	71.5	33700	68	42.5
1724	21.7	8138	174.7	66.2	43600	81	43.5
1183	23.0	10962	180.3	74.8	54200	66	44.0
309	31.1	6741	181.9	102.9	45600	68	43.0
41	25.8	6377	167.7	72.6	33400	73	41.0
660	30.0	6741	180.3	97.5	28800	76	44.0
1168	16.4	1275	200.0	65.6	43600	79	45.5
152	18.4	334	188.8	65.6	46500	72	45.0
1378	28.7	14150	173.5	86.4	29800	70	41.5
1606	23.9	12419	178.9	76.5	46500	60	42.0
755	26.8	11903	177.8	84.7	35700	61	43.0
807	20.7	1791	181.2	68.0	38200	74	44.5
793	25.2	10840	175.0	77.2	65000	70	43.0
809	20.0	10719	176.1	62.0	49200	72	44.0
1535	23.9	14879	172.9	71.4	25600	58	42.0
1105	30.1	6771	185.7	103.8	52900	64	44.5
1297	31.3	10992	180.2	101.6	64900	70	43.5
158	17.9	668	180.2	58.1	36100	64	44.0
1002	26.2	6528	186.5	91.1	31700	73	43.0
1175	31.4	10506	186.6	109.3	52800	67	44.5
167	25.7	9565	185.3	88.2	52700	65	43.5
548	17.5	7136	186.4	60.8	59600	65	44.0
616	29.6	14423	188.9	105.6	47300	72	45.0
1461	29.2	6650	171.2	85.6	53400	71	43.5
908	22.8	9686	175.9	70.5	71400	69	43.0
1397	19.3	243	183.0	64.6	33500	77	44.5
1739	21.3	13300	171.8	62.9	62200	61	42.5
709	22.3	14970	175.5	68.7	44800	62	42.5
322	18.6	12723	179.4	59.9	22100	65	42.5
1582	25.8	6346	176.4	80.3	59000	69	41.0
1568	25.6	9443	178.5	81.6	55200	80	43.0
93	19.7	10081	170.0	56.9	20800	70	42.5
976	21.8	10749	177.7	68.8	36900	64	42.0
1336	29.3	14211	178.9	93.8	40100	58	43.5
1031	21.8	5800	189.3	78.1	58900	70	45.0
1246	24.8	1366	176.1	76.9	25200	74	43.0
439	20.4	12419	173.4	61.3	53900	66	42.0
1414	17.8	5557	183.0	59.6	12000	73	45.0
1551	31.4	10719	155.8	76.2	60900	71	41.5
1591	28.6	12085	175.8	88.4	57400	68	43.5
277	29.7	14636	174.4	90.3	41500	67	42.5
65	21.2	13148	179.8	68.5	65500	66	44.5
1713	26.0	3826	186.7	90.6	12000	72	45.0
1411	25.9	11356	188.9	92.4	50300	71	44.5
818	23.4	14453	179.7	75.6	60400	68	43.5
1474	21.8	5921	167.1	60.9	52900	64	42.5
889	29.1	12662	174.4	88.5	57200	70	42.0
896	17.5	5344	175.2	53.7	40300	63	42.0
859	23.8	4676	180.6	77.6	46500	70	43.5
772	28.9	11113	178.4	92.0	66900	69	42.5
1480	21.4	8289	173.2	64.2	62200	70	43.0
1712	26.6	11660	169.2	76.2	85500	63	42.5
1605	25.6	9474	171.9	75.6	50000	68	44.5
613	23.8	4160	171.7	70.2	46600	73	43.5
764	24.7	1852	189.4	88.6	42500	62	44.5
1692	24.4	911	172.6	72.7	36600	79	41.5
553	23.0	12844	178.4	73.2	57900	64	43.0
622	20.5	9504	184.8	70.0	43500	72	44.5
1587	23.4	10719	179.4	75.3	45500	65	43.5
1703	24.0	12206	170.4	69.7	45400	64	43.0
1067	24.7	11174	184.9	84.4	41800	67	44.5
338	23.7	12237	180.5	77.2	43300	65	42.0
715	19.9	13451	162.7	52.7	35300	62	41.5
945	15.9	4221	186.7	55.4	32200	69	43.5
1772	23.6	13330	184.1	80.0	38900	57	43.0
961	21.2	9868	180.4	69.0	67700	72	43.5
73	26.5	12844	189.4	95.1	53500	68	46.0
956	22.7	14879	184.0	76.9	77300	67	45.0
708	26.7	729	185.9	92.3	35700	80	44.5
628	26.2	12783	185.3	90.0	58500	61	43.0
307	19.0	9079	183.3	63.8	52700	69	44.5
1773	23.2	14939	165.5	63.5	59500	70	41.5
81	18.9	4889	166.3	52.3	46300	67	41.0
5	15.5	2490	184.0	52.5	42900	70	43.0
1357	29.6	13543	186.6	103.1	56000	73	44.0
557	24.7	13968	173.1	74.0	39900	63	42.0
640	21.4	11083	170.2	62.0	20600	70	42.5
838	23.9	4646	179.8	77.3	61600	69	43.5
241	18.7	8927	167.8	52.7	56700	70	42.5
939	26.1	881	176.8	81.6	41100	67	43.0
1541	26.0	12753	175.5	80.1	40100	66	43.5
1381	19.6	2642	176.4	61.0	54300	75	45.0
545	20.9	12055	191.2	76.4	67900	67	45.0
343	23.3	12389	173.6	70.2	44700	68	43.0
29	20.0	12905	178.4	63.7	42200	66	44.5
437	22.2	13239	168.8	63.3	74600	59	43.0
1544	20.3	8684	184.6	69.2	54900	69	43.5
1585	23.5	9717	176.7	73.4	40400	58	42.0
383	20.4	2247	186.2	70.7	53400	76	44.5
1669	23.0	5800	160.8	59.5	62100	72	42.0
499	25.6	11053	177.6	80.7	46900	69	44.0
1622	30.9	14362	178.9	98.9	63700	65	43.5
1072	25.8	5526	184.4	87.7	41500	74	45.0
1119	29.5	12510	173.5	88.8	67300	69	42.0
568	24.3	3401	183.5	81.8	32200	74	44.5
730	25.6	9322	174.3	77.8	76700	59	42.0
1521	25.8	11235	178.7	82.4	37000	66	43.0
1091	26.1	12146	184.5	88.8	52200	62	45.0
164	30.5	14362	171.5	89.7	24800	59	43.5
61	25.1	10840	183.2	84.2	43000	69	43.5
242	31.5	11751	180.3	102.4	47000	57	44.5
1325	25.1	8745	175.7	77.5	38200	66	43.0
1296	25.0	607	173.3	75.1	42500	79	42.0
135	16.8	4889	163.3	44.8	46700	73	42.0
625	26.6	6650	177.4	83.7	50300	74	41.5
1768	25.3	13634	175.7	78.1	46300	58	43.0
942	19.1	4767	182.5	63.6	66900	75	45.5
1069	23.3	9170	181.8	77.0	64700	72	44.5
1065	24.6	8047	185.5	84.6	44000	70	44.0
594	29.6	14241	185.7	102.1	28100	64	45.5
652	20.0	12844	200.1	80.1	38600	69	47.0
394	30.3	6771	181.6	99.9	13900	69	42.0
1255	18.6	12024	172.0	55.0	46300	62	42.5
1579	19.2	4646	183.8	64.9	65700	77	45.0
301	19.9	10415	189.2	71.2	61500	55	43.5
264	20.2	13634	181.3	66.4	50900	60	42.5
522	29.7	6680	163.1	79.0	36400	63	42.0
1594	25.0	9838	181.9	82.7	51900	76	45.0
580	31.8	9261	173.6	95.8	67300	77	42.0
1216	24.1	12055	168.7	68.6	70700	58	41.0
83	21.2	7014	179.3	68.2	42900	64	43.0
1217	23.9	11964	167.3	66.9	31700	59	43.0
1258	23.5	12115	185.2	80.6	83200	65	44.0
615	20.9	9565	183.1	70.1	42800	72	45.5
190	16.0	395	177.4	50.4	48000	74	44.0
923	15.6	2338	174.1	47.3	17300	79	44.0
123	28.6	12753	176.7	89.3	43400	55	43.0
120	20.0	12996	170.9	58.4	27900	59	42.5
1735	18.3	304	177.5	57.7	28600	71	43.0
1730	20.4	10385	158.1	51.0	39400	62	39.0
1159	29.3	8684	178.6	93.5	58600	76	42.0
687	31.2	14484	178.8	99.7	48300	62	44.0
566	21.8	14393	183.9	73.7	84900	57	45.0
1194	28.8	13664	180.1	93.4	55800	71	44.5
1454	19.0	4858	184.8	64.9	60900	65	43.0
418	24.8	12419	181.8	82.0	60300	62	43.0
1137	31.6	7530	185.3	108.5	52000	59	45.5
1450	29.1	10263	196.3	112.1	64600	70	46.0
1457	19.9	13391	180.9	65.1	12600	64	43.0
1123	19.1	12419	179.3	61.4	43600	61	43.0
1139	30.5	13968	186.3	105.9	24800	60	44.5
714	24.8	13937	174.7	75.7	32700	72	41.0
1035	18.5	12449	177.2	58.1	39500	68	43.5
25	25.7	4099	180.9	84.1	26200	68	44.5
234	19.7	10081	178.5	62.8	61200	70	43.0
774	23.3	11933	178.5	74.2	51600	62	44.0
820	22.0	14909	184.3	74.7	24200	71	43.0
149	24.3	9868	166.1	67.0	58000	68	41.5
1079	21.1	9808	192.2	77.9	42600	62	45.5
382	28.8	13816	181.4	94.8	51500	70	44.0
1479	23.6	11751	175.2	72.4	53600	61	44.5
490	25.4	9140	189.4	91.1	36300	56	45.0
182	21.9	8198	178.7	69.9	46200	63	43.0
1324	29.7	14666	178.9	95.1	53700	55	43.0
1657	28.6	11417	176.5	89.1	45900	56	44.0
1165	16.7	820	188.3	59.2	28300	76	43.5
1061	15.8	273	177.9	50.0	43600	74	44.0
663	25.6	13269	174.1	77.6	40800	70	42.5
777	24.1	13391	185.0	82.5	48400	70	45.0
435	21.6	10628	186.3	75.0	43600	73	46.0
1464	24.9	14302	189.2	89.1	35100	54	44.0
627	21.6	12540	182.4	71.9	40500	53	44.5
210	21.1	13330	186.0	73.0	62500	69	45.0
1021	28.8	11144	176.2	89.4	47100	58	43.0
780	24.7	2126	185.2	84.7	37600	63	44.0
1572	19.2	11872	183.2	64.4	38600	66	44.0
1516	21.8	8198	181.7	72.0	37100	72	42.0
453	22.9	14453	167.1	63.9	48000	65	41.0
790	24.0	12206	175.3	73.8	58700	64	44.5
1614	29.0	12632	177.7	91.6	33000	72	44.5
1304	17.5	7075	181.7	57.8	41800	68	46.0
353	29.1	10536	194.8	110.4	26900	60	45.0
814	26.3	9291	184.0	89.0	51400	69	44.5
138	29.1	10810	172.3	86.4	38300	74	42.5
1663	22.0	5678	174.6	67.1	38300	73	42.5
1351	24.2	12510	187.7	85.3	48900	70	44.5
249	22.1	10749	174.3	67.1	15200	72	43.5
890	24.2	10810	185.1	82.9	31000	63	45.0
1171	22.0	11174	178.8	70.3	48000	59	43.5
206	17.6	5435	176.8	55.0	61700	73	43.5
1714	24.3	13391	174.4	73.9	53500	66	42.5
1654	25.0	13968	156.7	61.4	54000	67	40.5
1748	23.3	9534	181.8	77.0	80900	71	45.0
647	27.8	6650	170.6	80.9	57100	72	42.0
96	23.9	850	168.1	67.5	36300	74	42.0
1101	18.6	2004	179.7	60.1	66300	75	44.0
1098	30.5	13694	185.2	104.6	37100	65	44.0
27	21.4	10810	166.1	59.0	38100	60	41.0
432	23.3	11478	185.0	79.7	23300	64	44.0
1086	22.1	13269	171.7	65.2	41100	66	42.5
707	19.2	11994	182.5	63.9	32000	66	45.0
1589	23.5	4585	182.1	77.9	56700	71	44.5
480	19.7	4160	176.6	61.4	39300	72	42.0
1012	21.2	13148	178.2	67.3	26800	63	44.5
1570	21.9	11872	175.2	67.2	46600	67	43.0
526	22.1	11144	179.8	71.4	66300	69	44.5
134	19.6	9291	179.8	63.4	60700	58	43.5
349	23.0	12662	171.5	67.6	24900	63	43.0
885	25.4	12844	168.5	72.1	35000	61	42.0
1438	21.1	12632	185.1	72.3	26700	60	43.5
850	31.6	7561	179.4	101.7	55500	65	42.5
1759	29.0	12723	184.1	98.3	30700	72	43.5
398	24.2	11781	173.3	72.7	68000	64	43.5
506	21.8	5951	172.2	64.6	50700	59	42.0
173	22.8	5010	170.9	66.6	58400	73	42.0
1434	19.2	4676	176.7	59.9	34800	67	44.0
768	18.5	5283	179.6	59.7	42000	73	43.0
1064	24.7	4069	174.2	75.0	35700	67	43.0
406	26.1	3674	189.0	93.2	67700	75	46.0
513	24.1	13391	173.5	72.5	20200	63	44.0
1226	24.6	9990	179.7	79.4	48200	58	43.0
1063	23.2	13269	171.8	68.5	32900	59	42.0
581	28.8	11872	173.3	86.5	47600	67	42.5
168	20.9	8411	177.4	65.8	54800	68	43.0
346	22.9	607	172.2	67.9	18400	66	42.0
901	18.4	8806	178.6	58.7	44700	76	41.5
1466	24.4	9717	181.1	80.0	49400	70	44.0
1747	23.2	13300	185.7	80.0	50600	60	44.5
996	29.7	14453	170.4	86.2	44600	71	42.0
125	21.1	7895	179.2	67.8	54400	66	43.5
907	22.5	11630	177.6	71.0	40200	65	43.5
645	18.6	8897	165.1	50.7	47900	68	43.0
743	22.4	5314	170.1	64.8	60200	74	42.5
188	30.8	11630	181.3	101.2	55600	61	44.0
454	29.4	11326	168.5	83.5	54800	63	42.0
1178	21.8	13239	177.5	68.7	53200	59	43.0
573	24.3	3401	163.1	64.6	40000	69	41.0
1354	31.3	13543	177.3	98.4	22000	67	42.5
1676	20.2	3067	163.6	54.1	61300	65	41.0
457	15.5	2854	173.8	46.8	65400	69	42.5
669	25.9	820	174.9	79.2	36000	78	42.0
198	22.8	13209	178.9	73.0	50500	50	44.5
1322	23.0	11417	176.2	71.4	40300	62	43.0
1613	24.3	12540	169.3	69.6	29400	70	41.0
179	21.3	12206	169.5	61.2	57800	70	43.0
644	24.0	14302	166.7	66.7	86500	64	42.0
1667	26.1	9261	179.4	84.0	63200	75	43.0
1106	21.9	5769	179.1	70.2	73500	66	43.5
1536	25.5	7287	182.7	85.1	46900	73	44.0
177	20.2	3279	174.5	61.5	38200	80	42.5
1177	23.3	9231	165.9	64.1	56700	72	42.5
108	15.5	486	175.8	47.9	12000	75	43.0
600	23.4	4555	178.1	74.2	48800	73	43.5
1160	23.3	12298	169.8	67.2	59600	75	43.0
1664	30.5	13664	170.5	88.7	47300	65	42.0
1327	24.6	9929	181.2	80.8	72400	62	44.5
1020	23.9	4038	178.7	76.3	31700	74	45.0
1696	24.5	13360	185.9	84.7	70700	64	44.0
933	23.9	11144	190.1	86.4	44100	65	45.5
325	26.2	3128	167.5	73.5	63100	65	42.5
347	20.3	11417	175.1	62.2	65000	63	42.0
66	27.1	6650	178.9	86.7	63300	62	44.0
1567	21.9	182	180.5	71.4	57500	75	43.0
1157	22.2	13087	185.1	76.1	50700	66	44.0
389	17.9	8381	183.1	60.0	64400	70	44.5
1328	22.8	13239	186.0	78.9	45200	59	43.5
68	17.0	243	178.4	54.1	50800	77	43.5
515	28.9	6619	173.6	87.1	52000	75	43.0
930	25.2	4828	191.6	92.5	35900	67	44.0
675	19.9	4069	179.1	63.8	48200	73	43.5
103	16.4	759	176.3	51.0	46800	72	43.0
1608	18.0	8411	170.5	52.3	67600	63	43.5
501	31.9	8623	179.1	102.3	47400	63	44.5
1394	24.2	668	185.0	82.8	36500	74	43.5
982	24.1	9231	174.5	73.4	61700	77	43.5
1155	24.8	8563	177.1	77.8	47800	70	44.0
638	19.6	9322	179.7	63.3	37500	58	43.5
1545	28.9	13148	181.3	95.0	68100	55	43.5
1107	25.4	8957	176.2	78.9	60700	67	42.5
311	25.2	273	175.2	77.4	63700	79	42.5
561	26.1	1154	174.4	79.4	37800	61	42.5
938	22.0	11964	170.3	63.8	47600	66	42.5
397	26.1	12389	172.6	77.8	30600	67	43.0
1610	25.9	5982	172.4	77.0	38100	71	42.5
1312	23.3	11964	167.2	65.1	43700	65	42.0
1746	30.6	13877	185.0	104.7	55600	58	44.5
802	28.7	14119	180.5	93.5	33200	68	43.0
268	24.7	9383	179.0	79.1	32100	77	42.0
229	29.1	11478	187.1	101.9	73700	69	45.0
786	20.7	12419	183.0	69.3	12000	66	44.5
1211	28.9	13543	172.5	86.0	51000	59	42.5
1316	21.7	12206	186.2	75.2	29200	63	44.5
204	18.6	850	184.8	63.5	36700	71	43.5
1109	18.8	941	170.2	54.5	66500	64	42.5
1416	17.5	7318	184.3	59.4	45300	65	44.5
943	22.4	14848	174.7	68.4	85300	62	43.0
781	31.8	7864	185.0	108.8	56800	62	43.5
1112	27.4	304	175.6	84.5	33300	74	43.5
1444	22.3	11478	174.3	67.7	46700	63	43.0
1764	28.7	12692	175.0	87.9	62200	64	42.5
785	26.2	3462	171.2	76.8	58900	72	43.0
823	25.7	5526	167.6	72.2	41300	72	42.0
521	21.5	12237	160.5	55.4	29000	59	41.5
948	31.9	13755	170.6	92.8	45700	64	42.5
482	18.5	12389	196.4	71.4	71400	63	46.0
1766	22.0	14423	181.3	72.3	43300	62	44.0
1377	24.1	14271	191.0	87.9	45600	65	44.5
570	23.6	12328	175.8	72.9	62300	67	43.5
656	23.7	14970	174.7	72.3	59700	66	43.5
917	29.6	14028	190.0	106.9	23500	64	45.0
1291	21.9	12510	180.6	71.4	41200	66	43.5
1702	24.7	14514	171.3	72.5	63700	65	41.5
1332	24.4	9595	182.4	81.2	43600	64	43.5
536	18.6	12753	186.8	64.9	65200	59	45.0
13	17.6	729	168.0	49.7	55300	80	43.0
1314	31.0	11721	181.3	101.9	36800	65	43.5
368	25.9	11508	168.5	73.5	47900	69	41.0
479	23.5	10779	186.4	81.7	59700	64	43.0
1699	22.5	11022	179.6	72.6	34100	65	44.5
1310	31.8	8259	182.4	105.8	43700	69	43.5
478	24.1	12206	176.5	75.1	52600	69	44.0
1039	16.3	4524	165.5	44.6	42500	77	40.5
1420	24.0	4646	174.9	73.4	58600	71	43.0
688	24.7	1761	184.5	84.1	37100	80	44.5
633	24.8	1640	192.0	91.4	42900	78	44.5
1000	25.7	5496	180.0	83.3	62400	77	43.5
197	21.7	13269	173.2	65.1	67900	69	43.5
519	19.5	4524	181.7	64.4	40900	73	44.5
839	20.6	13269	183.9	69.7	25400	54	44.0
1674	20.4	11296	178.9	65.3	46800	60	43.5
1006	19.7	9929	178.5	62.8	49800	70	43.0
542	31.3	11113	179.5	100.8	37100	67	44.0
534	22.4	12814	178.3	71.2	74700	65	42.5
1237	20.4	2308	180.1	66.2	33100	82	43.0
90	31.6	11964	190.8	115.0	40800	61	45.0
165	24.5	12966	163.8	65.7	72700	64	40.5
183	24.9	11053	176.3	77.4	68300	66	42.0
1672	22.1	9474	171.5	65.0	35300	73	43.0
1601	17.6	7925	186.3	61.1	55800	65	45.5
1668	24.2	8289	177.0	75.8	46300	69	42.5
1136	19.5	4464	181.9	64.5	43100	73	43.0
213	17.6	8016	188.0	62.2	69400	68	44.5
424	21.4	11144	170.4	62.1	38900	70	42.5
692	19.0	9109	174.3	57.7	41900	71	44.0
944	31.5	14332	187.3	110.5	35600	61	44.0
255	26.0	1943	170.2	75.3	52600	65	42.0
302	31.3	10840	174.5	95.3	52200	63	43.0
1433	20.7	12632	166.8	57.6	38300	72	42.0
1429	25.1	9777	187.5	88.2	25400	60	44.5
1355	25.2	11478	173.9	76.2	34700	64	42.5
1117	28.2	6650	180.5	91.9	31500	67	43.0
1786	18.6	5192	182.7	62.1	46600	69	46.0
1330	25.7	5526	172.4	76.4	29700	71	41.5
1242	22.8	14484	164.7	61.8	38900	62	42.0
770	29.6	14059	176.5	92.2	28400	64	41.0
1715	20.6	9990	176.3	64.0	45500	68	43.0
657	25.6	7136	177.6	80.7	71500	68	44.5
876	26.1	12753	177.6	82.3	49900	65	44.0
916	29.0	11660	174.5	88.3	70300	68	42.0
1132	18.8	972	174.2	57.0	47300	74	43.0
1024	28.7	12024	180.1	93.1	49500	76	43.5
905	25.3	10688	172.2	75.0	34200	64	42.0
1769	23.7	4342	177.3	74.5	53000	77	43.0
1765	16.7	850	174.1	50.6	32200	75	42.0
1200	22.4	9140	180.1	72.7	27700	78	42.5
239	20.3	12601	185.8	70.1	29100	63	43.0
904	15.5	3370	186.0	53.6	40600	74	43.5
546	17.7	759	187.0	61.9	38500	77	45.5
1234	23.3	12237	175.7	71.9	80300	78	43.0
1641	25.7	5405	176.2	79.8	52200	71	43.0
1352	31.3	10779	169.1	89.5	40600	67	42.5
1169	21.6	12237	175.6	66.6	45700	59	43.0
1467	25.6	10294	175.9	79.2	80600	71	43.5
592	22.1	13239	173.7	66.7	40700	60	42.0
1075	24.7	4676	173.6	74.4	40900	67	43.5
171	24.0	10628	166.1	66.2	57900	65	42.0
1539	31.2	13360	168.6	88.7	49700	63	42.0
1090	21.6	12267	178.3	68.7	38100	67	43.0
175	24.9	10111	178.6	79.4	50000	71	44.0
848	25.6	9291	181.4	84.2	51200	70	44.0
1552	21.6	12510	176.2	67.1	56500	61	43.5
455	24.2	3492	178.1	76.8	45900	74	41.5
813	24.9	11235	186.8	86.9	80100	63	44.5
196	26.6	12814	177.6	83.9	53600	64	43.5
1619	21.1	11872	173.6	63.6	55300	69	42.5
851	28.4	12237	169.7	81.8	12000	77	42.0
1701	24.9	759	183.6	83.9	66800	70	44.0
952	28.4	213	166.1	78.4	48500	67	41.5
469	26.3	850	172.1	77.9	28800	72	43.0
725	21.8	182	180.9	71.3	45600	78	42.5
181	26.0	12662	164.7	70.5	51700	70	43.0
1281	25.9	11265	173.7	78.1	71300	58	42.5
618	29.5	8502	178.9	94.4	51500	72	44.5
1013	21.1	7470	175.3	64.8	62200	69	43.5
1205	20.0	10476	171.1	58.6	44400	57	41.0
596	30.6	14119	173.8	92.4	57600	62	43.5
1213	26.4	820	183.7	89.1	37800	70	44.0
1432	26.0	12692	190.8	94.7	59500	65	45.0
1510	22.3	14727	179.0	71.5	45000	64	42.5
868	25.5	9170	164.1	68.7	54900	69	41.0
290	19.8	10142	182.0	65.6	39200	60	44.5
824	19.3	11599	175.2	59.2	47000	61	41.5
1452	15.5	3340	170.3	45.0	38500	82	43.0
1737	15.4	2976	172.4	45.8	31900	72	43.0
862	31.5	12389	172.7	93.9	37800	67	44.0
1431	21.3	12328	168.1	60.2	39800	65	44.0
1172	24.0	3887	177.6	75.7	41500	67	42.5
1043	20.1	13634	190.8	73.2	50300	70	45.5
1053	31.5	11721	170.3	91.4	53100	62	42.0
1647	24.9	14059	190.6	90.5	60100	65	44.5
1785	26.1	2672	179.5	84.1	39300	75	44.5
1370	23.8	4099	177.3	74.8	40900	76	43.5
1670	22.6	14879	175.7	69.8	74100	64	44.0
172	26.1	12358	172.4	77.6	49000	67	43.5
358	24.2	13360	180.0	78.4	38100	67	43.5
989	17.1	881	181.7	56.5	57100	81	45.0
9	23.7	4676	161.0	61.4	33800	58	40.0
962	28.2	12874	195.8	108.1	69900	69	46.0
866	25.1	881	165.3	68.6	42400	85	42.0
1422	19.6	11174	174.3	59.5	35800	58	42.0
187	25.7	6741	160.1	65.9	42300	62	41.0
246	25.7	4008	176.1	79.7	43600	74	44.0
1038	26.1	12814	174.8	79.7	74100	69	41.5
145	21.8	5860	174.4	66.3	41800	75	43.0
185	24.4	12540	180.1	79.1	37800	62	42.5
1693	27.3	6650	176.3	84.9	37400	65	43.5
563	24.4	12966	181.8	80.6	52100	61	43.0
1348	17.7	5466	169.3	50.7	43900	66	43.5
236	20.4	11022	178.5	65.0	69300	65	44.0
828	22.1	9140	173.6	66.6	45900	57	44.0
1598	32.0	13421	175.4	98.4	61100	70	42.0
373	21.1	7834	179.9	68.3	54200	68	43.5
1290	25.4	12540	174.5	77.3	44600	66	42.5
593	16.2	668	177.3	50.9	46500	75	43.5
223	29.6	14150	169.9	85.4	69100	57	42.5
562	20.4	11326	185.7	70.3	33300	64	43.5
79	25.4	4251	183.1	85.2	60100	77	43.5
339	25.3	4798	178.7	80.8	70700	70	45.0
1337	21.0	14150	176.3	65.3	34400	61	43.5
1399	31.7	9717	177.3	99.6	60700	65	42.5
1515	17.6	6741	185.5	60.6	64100	76	42.5
1611	22.5	14514	182.6	75.0	33900	63	44.0
74	20.7	1700	185.6	71.3	52100	68	43.5
191	32.0	13543	175.6	98.7	39000	68	43.5
1409	28.9	9960	181.4	95.1	54900	64	43.5
954	24.3	972	186.3	84.3	56200	78	43.5
476	22.6	14909	171.5	66.5	61600	62	43.0
806	24.7	4281	171.1	72.3	22000	75	42.0
1761	24.6	2520	179.9	79.6	68200	78	43.5
843	17.6	7834	169.4	50.5	70900	74	43.0
1478	31.8	9170	165.3	86.9	56700	74	42.0
759	30.1	12055	186.2	104.4	61600	66	43.5
136	23.8	14970	187.4	83.6	46200	65	45.0
1556	17.7	698	169.7	51.0	29600	70	40.0
400	21.4	12571	168.0	60.4	37000	75	41.0
973	25.5	12632	173.4	76.7	59800	66	43.5
1650	25.4	10870	186.8	88.6	70400	66	44.5
664	22.1	334	175.1	67.8	38800	74	43.0
703	24.0	12419	178.7	76.6	43900	59	44.0
1185	21.8	12389	180.3	70.9	58100	69	43.5
40	30.2	11903	179.2	97.0	34600	64	44.5
959	24.0	12055	188.5	85.3	46400	63	44.0
1590	23.0	5951	173.0	68.8	39100	72	42.5
86	21.9	14879	177.3	68.8	63700	59	44.0
867	21.4	13148	179.6	69.0	66800	57	42.5
997	28.7	11235	177.7	90.6	52500	69	44.5
426	26.2	11296	169.5	75.3	45900	60	41.0
390	24.9	13877	167.7	70.0	48800	64	43.0
799	20.7	12601	167.5	58.1	49200	69	41.5
1267	27.3	638	183.1	91.5	60700	69	43.5
1221	23.9	13026	172.3	71.0	39700	66	42.5
1097	25.7	9747	181.3	84.5	43000	70	44.0
667	31.6	11872	178.6	100.8	28900	61	44.0
283	25.7	13148	171.2	75.3	40700	65	42.5
107	24.4	3735	171.4	71.7	51500	61	41.5
713	20.3	2520	178.9	65.0	46900	70	43.0
111	31.9	13209	178.5	101.6	18300	67	44.0
326	18.8	11569	181.4	61.9	40100	73	43.0
1751	24.6	14059	174.8	75.2	38000	58	43.0
1265	24.5	3826	172.1	72.6	33300	65	42.0
1295	23.1	14453	178.8	73.8	79400	71	44.5
1770	23.9	13026	187.9	84.4	37500	58	45.0
1448	25.6	6832	164.9	69.6	50200	73	41.5
63	22.1	8198	172.4	65.7	45400	80	43.5
1076	15.5	3644	182.1	51.4	40900	69	44.0
1266	25.6	4099	179.5	82.5	33000	73	43.0
1187	19.4	9261	182.2	64.4	59200	73	43.5
69	21.0	9808	175.0	64.3	45100	72	44.5
679	19.6	13087	166.7	54.5	57200	65	41.5
1627	23.3	4676	189.7	83.8	46500	71	44.5
931	20.2	2794	185.6	69.6	64100	77	45.0
946	31.3	10870	177.8	98.9	59400	63	45.0
1437	18.8	11630	172.1	55.7	54400	72	43.0
1276	17.5	7136	174.6	53.3	54200	67	42.5
1688	31.7	12874	179.6	102.3	25300	60	45.0
1235	21.9	5709	176.2	68.0	47600	73	43.0
711	23.7	10749	177.9	75.0	50300	62	44.0
991	22.4	9747	189.3	80.3	59400	62	45.0
1082	31.5	13785	184.5	107.2	37900	69	44.5
1723	23.4	11083	169.8	67.5	57200	60	41.0
1071	25.3	12935	178.5	80.6	79400	60	42.5
1588	19.7	9383	174.4	59.9	38300	68	43.5
771	21.6	6225	180.1	70.1	27900	68	45.5
42	25.4	12905	177.6	80.1	78700	65	44.0
861	24.7	2095	198.8	97.6	31700	78	47.5
299	19.2	4646	181.0	62.9	31900	74	44.5
518	18.6	11903	177.1	58.3	26000	69	43.5
221	24.0	11721	190.9	87.5	57800	58	44.5
105	24.5	9383	179.4	78.9	71700	67	44.0
1173	26.3	12814	167.4	73.7	69100	66	44.0
639	29.2	12571	177.1	91.6	49800	63	44.5
178	15.5	3097	182.3	51.5	37700	79	42.5
1695	20.4	2611	181.4	67.1	42000	74	45.5
527	31.5	12206	185.0	107.8	42900	68	44.0
1417	23.0	6134	179.1	73.8	53700	67	43.0
624	23.4	9140	178.6	74.6	59700	62	43.5
782	23.0	11387	168.2	65.1	26600	67	41.5
244	31.8	13785	188.7	113.2	34000	59	45.5
423	26.6	12783	175.9	82.3	44900	68	42.5
369	21.0	13117	171.1	61.5	46400	58	42.0
1306	31.5	7318	196.4	121.5	47500	74	45.5
1286	20.3	8745	189.8	73.1	35100	67	44.0
208	24.7	4251	174.9	75.6	65000	69	43.5
1675	23.3	14484	164.8	63.3	57000	62	40.5
495	22.0	12237	173.0	65.8	43400	69	41.5
1578	23.2	8198	189.1	83.0	37500	64	44.0
970	20.2	8775	179.2	64.9	48400	74	44.0
327	21.4	12206	168.6	60.8	33600	75	42.5
1621	28.0	12874	183.5	94.3	54400	63	43.5
1050	21.7	759	176.5	67.6	43400	70	44.0
55	19.0	12510	173.5	57.2	51500	62	43.0
1240	21.4	12419	174.0	64.8	58600	67	42.0
24	24.0	12115	187.1	84.0	34400	77	43.5
1447	22.4	13178	181.8	74.0	42600	63	44.0
758	18.9	9018	167.6	53.1	60000	73	43.5
736	24.2	14241	180.6	78.9	84400	66	43.5
582	26.8	6650	178.8	85.7	22700	80	41.5
684	29.1	9049	175.1	89.2	61900	65	44.0
721	21.2	12267	175.4	65.2	58600	62	42.5
744	24.9	13239	171.9	73.6	74400	72	42.0
1727	27.7	12510	173.4	83.3	40700	69	43.0
31	24.4	3735	180.0	79.1	54100	70	43.5
1018	23.0	5617	176.1	71.3	46100	71	42.5
113	24.3	789	181.8	80.3	65200	74	43.5
421	29.0	13026	172.5	86.3	74900	61	42.5
835	20.0	10567	183.0	67.0	54800	67	44.0
380	22.2	12419	187.2	77.8	35400	68	43.5
1190	25.0	14059	178.0	79.2	71900	70	43.5
1026	21.7	9200	181.6	71.6	53300	72	44.5
1694	17.5	820	181.9	57.9	53200	79	44.0
279	27.5	9200	174.5	83.7	67500	63	42.0
1001	25.5	7257	181.9	84.4	34900	67	43.5
1274	31.3	14453	162.1	82.2	51300	67	43.0
1198	28.1	9200	159.3	71.3	50800	66	40.0
726	31.7	7743	175.7	97.9	37100	68	42.5
438	25.2	607	182.4	83.8	33200	72	43.5
303	29.1	11508	177.4	91.6	69900	64	43.5
1060	20.4	10111	183.2	68.5	56300	68	45.0
1387	21.7	14757	169.6	62.4	38200	64	43.5
497	18.5	12237	184.2	62.8	48000	73	44.0
278	21.9	11933	189.4	78.6	68400	64	45.0
893	19.2	12024	173.1	57.5	47300	62	43.0
1162	19.4	12783	183.4	65.3	55500	69	45.5
683	28.8	14271	178.2	91.5	39600	52	42.5
1202	15.9	4221	181.1	52.1	51000	74	43.0
151	24.9	10992	189.4	89.3	27500	63	45.0
1530	20.7	14211	180.3	67.3	60900	61	44.0
1718	22.2	9717	183.4	74.7	56300	63	43.5
222	23.5	14970	169.2	67.3	29700	65	42.0
1499	24.6	12206	183.1	82.5	57700	65	44.0
1250	28.8	11053	189.3	103.2	59500	64	45.5
1375	21.4	9261	171.5	62.9	30700	69	43.0
1648	23.8	911	175.7	73.5	55800	70	44.5
15	24.9	12814	182.8	83.2	32600	71	43.5
783	26.8	12237	181.1	87.9	41800	58	44.5
508	28.2	9231	168.5	80.1	36700	65	43.5
156	21.9	11174	179.2	70.3	29400	68	43.5
1607	19.7	9777	175.7	60.8	50900	68	44.5
977	20.4	12783	171.2	59.8	48800	62	43.5
877	23.3	4676	187.5	81.9	58000	74	43.5
1678	29.5	13846	178.0	93.5	19300	67	45.5
372	24.0	11964	184.9	82.1	44600	66	44.5
810	23.4	11478	169.8	67.5	45700	70	41.5
316	20.1	12996	182.1	66.7	52000	70	44.0
847	25.1	12571	185.4	86.3	48200	61	45.0
1193	25.1	9747	176.3	78.0	47800	73	44.0
1244	21.8	12358	174.5	66.4	45600	69	43.5
963	31.2	11842	168.9	89.0	38400	70	42.0
116	24.7	14271	171.9	73.0	44900	63	42.5
1104	23.4	11113	174.8	71.5	53400	63	43.0
1749	26.0	12601	171.2	76.2	48100	67	42.0
17	16.8	4889	172.6	50.0	44100	65	42.0
250	24.3	12571	179.1	77.9	42600	62	43.5
1180	31.3	10870	179.9	101.3	34400	72	43.0
649	20.4	12844	185.6	70.3	50700	61	44.5
544	19.7	9777	172.7	58.8	60300	70	42.5
1191	19.5	364	178.2	61.9	58600	76	41.5
884	15.5	2885	175.1	47.5	41100	75	43.5
270	24.2	13026	174.6	73.8	28300	63	44.5
1268	21.1	7925	175.8	65.2	51600	70	43.5
1637	22.8	14484	176.6	71.1	39900	50	43.5
1575	26.0	2034	179.8	84.1	38700	81	43.5
842	26.1	2642	175.7	80.6	50800	62	42.5
1501	23.8	11721	186.6	82.9	63200	66	44.0
1103	25.9	12905	166.1	71.5	57800	58	44.0
760	18.8	1123	185.4	64.6	63000	76	44.5
1223	19.2	9200	175.4	59.1	62100	69	41.0
1176	20.8	12449	176.7	64.9	50400	63	44.5
856	26.9	6619	177.9	85.1	33900	73	43.0
39	19.8	13360	182.9	66.2	37300	57	44.0
1366	24.6	2520	171.8	72.6	59300	72	44.0
731	26.5	759	173.4	79.7	44700	76	44.0
1600	21.9	12419	181.5	72.1	82000	62	42.5
1428	22.3	13209	166.1	61.5	32600	59	42.0
1456	20.6	8532	177.8	65.1	67800	63	44.5
1270	21.8	14787	172.4	64.8	46600	56	43.0
1649	23.6	516	170.9	68.9	29300	80	43.5
1261	21.8	12328	166.5	60.4	45000	65	42.5
727	20.3	12632	183.4	68.3	54700	60	44.5
1660	25.2	4706	179.1	80.8	21700	79	42.5
1275	31.3	14484	173.3	94.0	42300	63	42.5
1476	19.6	4281	176.8	61.3	41100	77	42.5
680	31.0	6680	170.3	89.9	19900	72	42.5
262	31.2	11872	174.2	94.7	38200	68	42.5
308	22.6	11569	176.6	70.5	66700	72	43.0
1595	31.8	12966	178.4	101.2	46100	74	45.5
85	31.6	11751	180.7	103.2	38800	69	43.0
1745	19.3	4615	165.4	52.8	37700	66	41.5
792	25.0	8654	180.8	81.7	52100	74	43.5
193	27.4	9200	165.9	75.4	38100	69	43.0
1449	24.9	8593	181.0	81.6	52200	60	45.5
78	16.6	820	176.5	51.7	26000	69	43.0
836	26.5	11508	185.6	91.3	40000	61	43.0
922	31.4	12085	173.3	94.3	67300	62	42.0
10	19.1	9140	183.5	64.3	47800	68	45.0
254	30.0	6741	169.8	86.5	16100	68	42.0
1285	25.5	5162	178.7	81.4	33100	76	44.5
1722	19.8	10840	163.7	53.1	60200	68	43.0
1144	29.0	10354	184.2	98.4	45800	69	44.0
1133	22.0	13117	190.1	79.5	44100	65	43.5
381	24.7	3978	173.1	74.0	44200	66	42.5
148	27.9	12480	178.9	89.3	48100	63	43.5
855	18.5	12115	181.1	60.7	44500	72	42.5
131	21.8	11204	167.1	60.9	44600	74	42.5
410	17.6	6589	172.8	52.6	49000	64	43.5
399	23.7	638	172.3	70.4	32600	61	43.0
1239	22.8	10931	194.8	86.5	32900	72	45.0
765	24.4	8381	185.3	83.8	30200	71	43.5
493	30.0	12146	176.5	93.5	48200	71	43.0
1482	25.2	7621	183.5	84.9	54200	70	45.5
1602	21.5	9231	179.5	69.3	28100	71	43.5
1497	29.6	8441	182.2	98.3	27500	72	43.5
1252	26.3	820	170.6	76.5	33900	70	42.5
216	25.6	6984	187.6	90.1	58500	71	44.0
