id	bmi	steps	height	weight	income	resting_heart_rate	shoe_size
981	24.7	2217	164.6	66.9	27900	76	41.5
157	24.4	9656	157.0	60.1	31200	70	40.5
681	25.6	13330	168.2	72.4	45100	68	42.5
1760	25.8	6498	156.3	63.0	43500	66	40.5
1051	20.4	13209	151.6	46.9	38600	75	41.0
1174	25.4	10749	171.6	74.8	46100	61	42.5
773	27.6	243	167.5	77.4	25500	71	42.0
1592	27.2	9231	170.7	79.3	56700	73	41.0
732	29.0	10779	160.2	74.4	24100	69	41.5
1085	31.4	10536	168.0	88.6	42300	69	43.0
1734	22.7	14484	162.1	59.6	73000	62	40.0
779	24.4	1032	162.9	64.7	32200	92	41.0
1550	22.8	547	171.3	66.9	45800	79	42.5
985	28.6	243	164.0	76.9	42800	79	41.0
214	28.5	6619	160.5	73.4	22800	74	41.5
1690	20.9	9595	156.1	50.9	31900	70	40.0
1066	18.1	820	167.3	50.7	39000	79	43.5
387	23.7	13360	171.9	70.0	54000	63	42.5
1486	25.0	911	159.9	63.9	39900	75	41.5
1527	28.8	11933	169.5	82.7	19100	65	42.5
728	29.7	12389	158.9	75.0	41400	70	42.5
1228	26.3	12480	169.9	75.9	40600	64	41.0
1147	23.3	12055	165.2	63.6	27700	73	42.5
1717	26.1	2338	166.7	72.5	48000	73	43.5
1671	18.5	12389	160.5	47.7	53800	66	43.0
334	18.5	1943	167.3	51.8	30900	77	43.0
1340	20.9	9413	161.1	54.2	50200	70	41.0
1558	31.3	7045	162.3	82.4	41300	67	41.5
64	31.5	10081	155.1	75.8	42700	75	41.5
1700	20.2	8745	160.0	51.7	38100	76	40.5
1116	22.7	9717	161.6	59.3	54900	72	41.5
1524	20.5	14453	167.0	57.2	57200	66	42.5
811	19.8	9231	168.9	56.5	51200	59	42.5
1128	25.4	4281	161.0	65.8	43000	78	43.0
323	31.6	9868	163.9	84.9	49700	62	41.5
929	31.7	13785	176.0	98.2	51000	65	42.0
1577	28.0	6619	165.9	77.1	23000	70	43.0
564	20.2	10840	161.5	52.7	41800	70	40.5
1725	22.3	9717	154.1	53.0	34400	64	41.0
1124	30.3	6802	159.4	77.0	14800	73	41.0
914	24.4	8198	159.2	61.8	44800	66	41.0
632	15.4	3340	177.9	48.7	73200	67	45.0
603	19.9	12298	159.5	50.6	53000	69	43.0
1052	31.6	13755	165.3	86.3	46900	64	42.5
1222	26.3	1032	167.4	73.7	29200	71	42.0
359	17.2	5192	172.2	51.0	34200	71	42.5
1687	21.6	911	165.1	58.9	39000	84	43.0
662	26.1	2126	161.7	68.2	44700	73	40.5
43	24.1	12540	161.3	62.7	31300	67	40.5
1335	20.8	1731	167.3	58.2	68800	79	43.0
3	30.0	11508	160.6	77.4	17900	72	40.0
1716	21.0	1397	157.8	52.3	33500	71	41.0
1320	25.0	486	161.7	65.4	38000	75	41.0
880	26.1	1883	156.4	63.8	40000	74	41.0
230	28.4	0	177.0	89.0	30000	74	43.0
361	23.0	9686	168.9	65.6	30600	71	41.0
485	25.2	334	175.5	77.6	41000	75	43.5
1068	23.7	820	168.2	67.1	57500	73	42.0
174	17.1	850	174.9	52.3	61700	84	44.5
8	18.5	820	167.4	51.8	34500	76	43.0
1298	20.0	12814	169.7	57.6	33600	62	43.0
365	19.9	10719	151.1	45.4	50900	74	41.0
1519	29.2	12632	159.1	73.9	47400	73	41.5
1280	15.0	30	165.2	40.9	35300	83	42.5
445	21.4	13117	165.4	58.5	43900	62	41.5
1436	20.0	3826	164.5	54.1	57600	73	41.5
11	30.8	6832	167.9	86.8	50800	70	41.5
1278	24.8	12389	168.2	70.2	50300	71	42.0
54	19.0	1184	170.6	55.3	46100	72	42.0
452	23.6	11144	169.3	67.6	37400	62	43.5
433	25.9	6164	172.8	77.3	28300	66	41.5
502	21.1	13300	172.9	63.1	62200	68	41.5
1656	31.4	11204	166.1	86.6	46500	69	41.0
1655	20.9	1549	178.5	66.6	34500	82	42.0
1505	19.3	11690	173.8	58.3	22900	66	43.5
642	22.3	607	159.8	56.9	30600	74	40.5
124	23.0	6377	167.6	64.6	15100	74	41.5
1230	29.5	13907	153.0	69.1	48800	58	40.5
314	29.0	10840	154.1	68.9	53200	69	40.5
512	20.1	8927	161.8	52.6	44500	64	41.5
1368	25.9	6012	159.3	65.7	42800	71	42.0
1709	30.5	11994	161.8	79.8	61600	65	42.0
1405	20.7	14484	167.1	57.8	57000	70	42.0
1743	16.1	1549	173.0	48.2	41200	74	42.5
1313	28.7	14028	172.6	85.5	35900	78	43.5
1014	25.8	6073	167.7	72.6	36700	74	41.5
1343	18.1	121	157.9	45.1	41700	81	41.0
1705	19.9	12419	161.4	51.8	30800	71	42.0
271	30.1	14727	169.1	86.1	38800	72	42.0
1393	29.2	11599	159.6	74.4	34700	68	40.5
739	26.2	12358	156.8	64.4	59000	58	41.0
505	19.5	11356	168.2	55.2	47000	63	41.0
791	26.8	12632	164.7	72.7	63200	63	42.5
1628	17.8	547	163.6	47.6	20200	71	40.5
1736	22.2	12540	172.2	65.8	31100	57	42.5
1731	23.5	13360	172.1	69.6	42500	65	42.0
1458	27.5	12662	176.6	85.8	31900	64	43.0
251	23.1	759	160.8	59.7	43000	85	41.5
611	28.9	13391	167.8	81.4	43100	58	41.5
1645	28.0	364	165.1	76.3	32600	83	41.5
1440	29.8	14666	167.2	83.3	54800	63	42.5
166	29.0	10415	157.6	72.0	17800	75	40.0
535	18.7	2126	155.9	45.4	56800	75	40.5
306	22.0	5648	164.7	59.7	25400	75	41.0
1154	21.8	243	159.5	55.5	43300	72	41.5
998	21.3	9777	171.1	62.4	55500	63	42.5
1186	20.9	14514	155.2	50.3	15100	70	40.0
556	27.6	12753	155.8	67.0	40700	66	41.5
532	26.6	11721	162.3	70.1	45700	70	41.0
1247	26.1	3704	155.0	62.7	12000	80	40.5
740	20.2	13148	175.9	62.5	43700	60	44.0
965	30.2	6528	163.8	81.0	38900	76	42.0
1333	31.6	12783	161.1	82.0	20700	61	43.0
572	31.8	8168	168.0	89.8	37000	76	41.0
310	21.8	14787	170.7	63.5	33600	66	44.5
1532	29.1	11356	166.3	80.5	41700	80	41.5
974	24.7	1943	164.6	66.9	36100	68	41.5
1149	25.8	5648	158.6	64.9	53500	83	41.5
409	31.0	11781	169.1	88.6	37000	68	41.0
80	23.1	8198	174.2	70.1	53100	69	43.5
1661	28.2	9231	163.6	75.5	27400	65	42.0
468	20.2	3006	159.5	51.4	40100	66	41.0
1776	26.0	1913	166.2	71.8	67400	73	42.5
1680	18.8	11538	165.0	51.2	20700	72	41.0
636	22.0	10840	157.1	54.3	16100	67	40.0
281	26.6	789	161.7	69.6	50400	80	42.0
132	22.4	547	176.6	69.9	35800	81	43.0
1401	25.0	10233	156.2	61.0	37200	60	40.5
559	25.4	12874	160.5	65.4	35300	70	41.5
1003	20.4	10962	158.8	51.4	46200	55	41.0
1055	20.3	13755	159.4	51.6	34200	69	41.0
1615	26.6	759	162.1	69.9	51200	75	42.5
729	26.3	6559	167.9	74.1	26900	80	41.5
91	26.9	12449	173.5	81.0	39400	57	43.0
62	25.7	6893	166.3	71.1	45800	67	43.0
551	25.6	6953	160.6	66.0	43400	65	41.0
408	31.5	10385	175.0	96.5	27900	74	44.0
1214	21.1	11842	151.6	48.5	46200	58	40.0
1529	26.2	3401	169.4	75.2	74400	74	42.0
858	20.8	12237	158.3	52.1	21300	66	41.0
1073	21.6	12206	164.7	58.6	22300	70	41.0
1319	18.1	8472	168.7	51.5	47300	76	42.5
20	20.3	13239	154.6	48.5	12000	65	40.0
1504	20.6	9383	165.9	56.7	23000	71	41.5
1045	30.1	11630	166.4	83.3	50200	70	42.0
817	23.4	12449	174.5	71.3	42900	60	44.5
951	31.7	9777	182.6	105.7	56600	72	44.5
1233	17.6	7773	154.9	42.2	42100	82	39.5
612	31.6	7500	174.2	95.9	39600	64	43.5
1518	21.4	14484	164.8	58.1	27500	67	41.0
677	19.8	13300	159.7	50.5	37500	70	41.5
1299	29.0	9170	167.4	81.3	27400	70	43.5
266	17.6	6619	156.5	43.1	33100	66	40.5
648	22.1	61	156.9	54.4	21900	83	40.5
750	23.0	5921	153.7	54.3	22000	68	40.5
280	23.8	14879	168.5	67.6	29300	67	42.5
606	31.8	7925	167.1	88.8	40400	79	42.0
579	22.9	4980	159.7	58.4	29600	75	40.5
1349	20.9	14059	174.9	63.9	53100	58	43.0
602	31.5	10263	160.7	81.3	29900	67	42.0
364	29.6	14545	173.3	88.9	43000	63	42.0
1059	20.9	11964	165.8	57.5	68400	68	42.0
1215	21.1	13300	160.6	54.4	60000	75	41.0
1046	18.5	12601	164.3	49.9	27200	61	41.5
146	28.9	13360	156.9	71.1	30600	71	40.5
451	31.0	14423	166.4	85.8	58200	61	42.0
1471	19.8	10263	165.2	54.0	45900	77	42.0
34	28.6	11235	168.4	81.1	31600	71	42.5
1188	15.7	91	170.7	45.7	35300	78	43.0
874	25.5	10476	165.8	70.1	44700	62	40.5
1077	25.1	8775	155.4	60.6	47100	73	40.0
1484	30.3	14575	171.1	88.7	34100	65	42.5
1362	28.9	13451	165.1	78.8	42800	66	44.0
1315	15.8	182	152.7	36.8	36900	74	41.0
932	26.1	1822	167.0	72.8	42200	81	42.0
558	28.2	334	167.5	79.1	28900	84	42.0
734	17.9	5982	162.7	47.4	27000	69	41.5
1517	25.2	11508	163.7	67.5	60600	78	42.0
1549	29.4	6650	161.1	76.3	35300	71	40.0
384	17.8	5678	167.7	50.1	56600	75	42.0
895	26.5	789	165.9	72.9	23400	75	41.5
317	24.6	11994	159.1	62.3	24400	72	39.5
864	28.8	13603	175.5	88.7	40700	74	42.5
695	24.3	8259	160.7	62.8	46700	79	41.0
643	24.0	10628	147.4	52.1	27100	70	38.5
1288	25.2	11599	161.9	66.1	63800	63	40.5
898	19.9	10415	171.7	58.7	29600	68	43.5
832	21.8	14848	163.7	58.4	52800	70	42.0
857	24.7	1913	154.4	58.9	38700	73	39.0
28	16.4	4615	158.3	41.1	35400	73	42.0
1412	30.0	11569	158.0	74.9	25400	68	39.5
312	20.0	12935	161.3	52.0	52900	66	41.0
995	20.2	11630	163.3	53.9	38100	69	41.5
1342	23.5	11781	168.2	66.5	52700	72	42.5
462	29.6	13937	165.8	81.4	60700	68	40.5
1264	25.4	7257	166.1	70.1	32400	70	41.0
1410	24.8	10051	176.6	77.3	36100	70	43.0
1231	25.3	11751	170.6	73.6	31800	66	42.5
1704	20.5	14484	170.0	59.2	43500	57	43.5
1170	22.5	10992	153.2	52.8	63700	68	40.5
769	22.1	9717	160.1	56.6	18700	66	41.0
1383	31.6	10020	154.6	75.5	41100	61	40.5
261	24.4	11872	160.0	62.5	43100	62	41.5
712	27.9	61	170.2	80.8	17700	74	42.5
531	21.7	12449	162.4	57.2	29900	65	41.5
685	23.3	10688	172.0	68.9	38200	67	43.5
233	26.2	3067	169.5	75.3	48600	73	42.0
425	31.5	12085	165.3	86.1	55100	66	42.5
467	25.0	9929	172.1	74.0	20800	69	42.5
200	17.7	7986	173.9	53.5	53600	69	42.5
1161	16.9	30	168.0	47.7	49200	74	41.0
653	21.7	11812	166.5	60.2	51300	69	40.5
1635	22.9	789	169.1	65.5	40600	81	42.5
422	26.2	881	155.9	63.7	42900	78	39.5
498	19.3	698	164.2	52.0	52500	80	40.0
180	21.6	6255	164.8	58.7	21700	72	41.5
1358	24.4	12571	162.6	64.5	47800	62	42.0
199	22.8	11569	159.9	58.3	36000	59	40.5
57	22.4	5314	171.5	65.9	26700	72	43.5
477	31.6	12874	166.1	87.2	34800	74	41.5
147	24.8	12480	166.7	68.9	38400	62	40.0
1512	17.5	7713	174.3	53.2	23900	75	43.5
1262	22.6	455	163.7	60.6	48500	73	41.0
571	31.7	7743	162.5	83.7	37200	70	40.5
1089	23.6	8259	173.8	71.3	53100	72	41.5
514	25.0	638	155.3	60.3	34000	83	41.5
1708	23.8	14787	165.3	65.0	31900	67	41.5
1095	16.5	789	160.2	42.3	14200	78	40.0
417	24.5	9899	166.9	68.2	38500	72	43.5
1726	28.9	9291	168.7	82.2	27500	65	42.5
211	24.0	14696	169.1	68.6	45800	67	42.0
1009	19.2	12146	171.7	56.6	49900	72	43.5
1534	30.1	6741	163.4	80.4	50600	70	42.0
121	19.9	12753	163.8	53.4	41100	61	43.0
1754	26.1	12389	168.4	74.0	49900	66	43.5
651	18.1	668	170.8	52.8	32000	70	42.5
941	25.3	13603	156.5	62.0	41600	71	42.0
1666	20.5	13907	167.0	57.2	47800	57	41.0
348	22.6	14514	162.4	59.6	52800	61	40.0
391	29.6	13877	165.6	81.2	12900	69	42.0
841	31.5	14150	162.7	83.4	22800	68	41.0
1633	24.0	12510	160.3	61.7	49300	64	41.0
1232	22.7	13178	158.4	57.0	34800	64	41.5
1030	19.4	9200	164.0	52.2	56400	72	41.5
1007	25.1	12389	167.3	70.3	38400	73	41.5
503	30.6	13725	161.1	79.4	52700	69	42.0
19	27.3	9200	172.7	81.4	43000	66	43.0
94	20.4	9595	181.0	66.8	50600	68	44.0
1775	28.3	486	167.7	79.6	34400	80	43.0
1004	23.4	13026	164.7	63.5	32700	64	41.5
968	19.0	4767	159.1	48.1	25800	72	40.0
583	24.6	14575	167.4	68.9	53500	68	41.5
720	27.3	30	174.6	83.2	45900	78	43.0
1032	19.1	12419	177.7	60.3	40500	63	44.0
719	22.9	455	174.1	69.4	34700	74	41.5
629	31.8	8381	170.5	92.4	61400	81	43.5
906	22.1	14909	167.7	62.2	34700	68	42.5
1138	24.2	12571	158.2	60.6	60400	69	41.0
189	22.8	11387	164.4	61.6	43200	65	41.5
23	28.9	13239	163.6	77.4	35200	62	42.0
1559	27.4	334	164.4	74.1	53600	77	42.5
1392	25.9	11387	160.3	66.6	44300	67	42.0
357	26.0	11751	169.9	75.1	36300	66	41.5
126	22.1	30	163.2	58.9	49100	83	40.5
964	31.3	10810	162.7	82.9	50300	63	41.5
1453	19.4	4585	160.3	49.9	46500	69	41.5
975	24.3	13026	166.5	67.4	22900	71	41.5
577	24.1	12237	174.7	73.6	17400	70	43.5
431	19.8	4190	164.9	53.8	43600	77	41.0
414	22.8	5132	166.8	63.4	32700	68	40.0
1010	19.1	850	177.6	60.2	36500	75	44.5
1630	25.0	9990	172.8	74.6	36900	79	42.5
1195	31.1	13178	168.8	88.6	34400	70	41.5
723	29.3	8715	168.5	83.2	26100	62	41.5
745	28.5	12753	161.1	74.0	55200	65	42.0
1099	28.7	182	160.4	73.8	24200	72	42.0
202	23.4	9717	165.9	64.4	21200	62	42.0
1390	19.7	10051	166.1	54.4	18200	70	40.5
1163	27.1	61	159.5	68.9	27500	79	41.0
143	22.8	516	169.6	65.6	38500	76	43.5
1685	27.8	395	163.2	74.0	34700	88	40.5
1345	16.9	91	172.3	50.2	49100	82	41.5
1273	18.0	8441	164.6	48.8	42900	72	41.0
1419	23.3	9595	164.1	62.7	29600	76	41.5
1779	28.9	6589	158.9	73.0	52500	69	40.0
1755	23.5	12206	159.6	59.9	19300	54	43.0
936	25.0	13269	173.6	75.3	51700	71	44.0
321	26.2	2945	166.7	72.8	35700	81	42.5
500	21.3	14514	167.5	59.8	37600	66	41.5
1465	16.4	1154	175.4	50.5	46500	81	43.0
1251	25.2	7682	156.4	61.6	38200	73	40.0
396	22.2	13209	169.4	63.7	39500	67	41.5
366	15.5	3522	154.7	37.1	33000	68	40.0
224	25.6	9626	162.2	67.4	39800	63	40.5
232	23.0	5739	157.6	57.1	37100	72	41.0
385	26.0	1791	170.6	75.7	53400	76	42.0
1054	25.4	5010	152.7	59.2	13700	78	39.0
127	27.0	425	163.5	72.2	46900	80	41.5
1017	20.1	11660	157.5	49.9	15000	56	41.0
336	25.2	4646	159.4	64.0	31400	63	40.5
854	22.8	11538	160.4	58.7	46800	75	42.0
900	21.4	9808	173.6	64.5	18200	69	43.0
1441	18.7	334	162.8	49.6	48900	77	42.5
139	24.3	3310	176.2	75.4	25700	72	42.0
1581	20.2	13694	177.6	63.7	27200	65	43.5
935	21.5	6377	178.7	68.7	26700	80	43.0
1634	22.6	455	164.6	61.2	26300	78	43.0
1683	18.0	698	166.4	49.8	17600	67	42.5
672	16.1	1579	167.5	45.2	65400	77	43.0
184	20.4	2368	162.6	53.9	30700	84	42.0
441	21.8	10536	167.8	61.4	27400	71	43.0
918	26.8	12085	158.9	67.7	33600	70	40.0
122	24.0	12146	152.8	56.0	44800	68	39.5
1356	26.9	698	169.6	77.4	22100	81	42.5
1742	23.1	11599	162.7	61.1	30000	68	42.0
686	28.9	6619	158.7	72.8	33700	83	41.5
826	29.1	10506	159.5	74.0	56900	64	40.0
1300	31.9	8745	174.8	97.5	26000	70	43.0
1125	24.4	9504	168.0	68.9	17400	66	41.0
386	28.3	0	155.1	68.1	35500	68	41.0
247	27.2	334	157.3	67.3	20400	75	41.5
676	21.3	13330	163.1	56.7	30000	73	42.0
1150	24.5	12966	168.1	69.2	12000	61	43.0
1080	21.9	5769	159.8	55.9	20600	75	40.0
1643	30.5	13573	163.9	81.9	38900	63	41.5
903	27.8	9200	165.7	76.3	40000	71	41.0
1528	20.2	2976	165.9	55.6	31600	67	42.0
1388	31.8	8107	149.4	71.0	34900	66	40.0
1576	18.6	2095	166.4	51.5	22300	70	42.0
1225	22.5	8138	153.7	53.2	45100	69	40.0
49	19.9	12267	163.1	52.9	20900	70	42.0
293	28.7	11387	161.7	75.0	42100	63	41.0
844	25.2	7652	158.0	62.9	35000	69	41.5
1767	21.2	14484	170.5	61.6	74700	64	42.5
1182	18.6	11812	157.7	46.3	22600	71	40.0
1199	23.7	698	161.6	61.9	64000	71	42.0
218	20.1	3704	170.7	58.6	61000	79	43.0
920	30.7	6771	161.4	80.0	61500	70	40.5
59	24.4	9291	160.1	62.5	50700	58	40.5
617	20.3	13816	163.3	54.1	30400	74	41.0
560	21.4	12298	168.5	60.8	51000	71	42.5
510	17.3	364	174.4	52.6	24900	78	42.5
1523	27.8	607	158.9	70.2	39200	81	41.0
1569	20.7	1822	159.4	52.6	27500	71	40.5
272	20.0	12753	163.2	53.3	30700	70	40.5
1153	27.0	395	166.5	74.9	57800	71	42.5
1599	30.6	13937	160.0	78.3	51400	65	40.0
370	20.9	9656	169.5	60.0	60700	75	43.0
1659	25.8	5769	159.0	65.2	28600	81	40.5
883	26.1	9291	152.6	60.8	12000	68	40.5
47	25.1	9686	168.5	71.3	51800	76	42.0
520	21.5	8047	169.2	61.6	58500	75	42.5
1472	26.1	12237	171.8	77.0	59000	64	43.5
1249	18.6	11903	152.1	43.0	49600	70	41.0
1543	21.3	12237	160.7	55.0	54100	59	41.5
160	22.0	11933	163.4	58.7	43100	74	42.0
529	24.4	9261	176.4	75.9	46000	73	43.0
1475	15.9	577	164.0	42.8	48700	76	41.5
345	26.2	2915	156.2	63.9	32900	69	41.0
1462	20.8	1670	166.9	57.9	34100	71	42.0
1081	21.4	10779	173.5	64.4	48300	68	43.5
449	22.2	14818	172.1	65.8	73000	63	42.0
405	25.0	12662	168.7	71.1	40900	68	41.0
937	27.5	12723	166.7	76.4	40000	67	42.5
845	30.6	13785	150.3	69.1	27300	64	40.5
38	19.9	12146	165.2	54.3	43500	63	42.0
635	24.1	10688	166.2	66.6	43000	70	42.0
1096	31.5	14180	164.0	84.7	22300	68	42.5
578	16.9	61	169.6	48.6	36300	70	43.0
22	20.0	11812	163.9	53.7	55300	68	43.0
1616	22.3	12966	162.6	59.0	37700	66	41.0
1494	25.2	10476	171.8	74.4	36700	58	41.5
693	28.4	12814	162.3	74.8	53700	68	42.0
99	22.9	759	165.4	62.6	35400	81	40.5
225	21.7	273	170.8	63.3	21800	83	42.0
1308	22.7	10962	158.4	57.0	35700	68	41.5
1074	18.7	334	157.7	46.5	46200	82	40.0
587	16.0	1670	173.8	48.3	30400	73	43.0
219	24.9	10172	161.1	64.6	44200	67	41.0
584	21.6	10597	169.5	62.1	34500	69	42.5
1406	23.7	4706	153.5	55.8	18800	75	39.0
690	27.6	12540	148.7	61.0	34000	68	39.5
1120	23.7	12024	167.4	66.4	45600	64	41.5
1292	18.2	243	164.2	49.1	28100	69	42.0
724	29.4	8684	167.4	82.4	36900	69	40.5
778	24.2	10962	177.2	76.0	36000	69	44.5
979	26.0	11599	157.0	64.1	29200	64	40.5
129	31.1	14453	165.2	84.9	40600	64	42.5
591	21.0	12662	174.6	64.0	62500	76	42.0
955	23.2	14453	157.9	57.8	34100	64	42.5
1196	20.6	11083	161.2	53.5	29100	71	42.0
967	19.0	4889	153.5	44.8	61100	68	39.5
474	30.4	12055	179.5	97.9	56200	65	43.5
36	17.3	364	150.7	39.3	28500	81	38.5
1596	25.1	12480	170.2	72.7	47400	66	43.5
547	21.7	668	156.4	53.1	41100	79	41.0
375	15.1	121	158.2	37.8	29500	75	41.0
45	21.7	12115	171.9	64.1	44500	67	42.0
993	28.2	12844	160.2	72.4	46000	64	40.5
458	24.3	12996	169.2	69.6	51400	70	42.0
1618	22.1	14727	174.0	66.9	56200	60	42.5
879	29.1	12662	166.3	80.5	22600	74	41.5
92	24.4	8138	170.8	71.2	54500	64	42.5
1382	28.5	61	165.5	78.1	43500	83	43.0
483	24.2	668	165.8	66.5	55700	70	42.0
258	16.2	1457	160.9	41.9	37800	80	41.0
119	20.8	12115	177.5	65.5	47400	64	43.5
273	21.1	7773	169.8	60.8	37500	69	42.5
1537	21.6	12419	168.4	61.3	75100	75	43.5
1131	25.5	9170	170.0	73.7	28600	79	41.0
1640	24.7	4038	160.6	63.7	40800	68	42.5
227	17.6	7804	171.1	51.5	35900	64	42.0
1415	30.7	14028	175.1	94.1	52000	64	44.0
51	31.3	11326	156.0	76.2	46900	65	42.0
115	23.4	9140	168.5	66.4	50200	67	41.0
585	20.9	11994	165.4	57.2	44900	71	41.0
988	22.3	11022	161.6	58.2	50900	64	41.0
419	22.1	10779	157.9	55.1	31000	64	40.0
538	21.6	9231	171.8	63.8	51900	72	43.5
411	23.9	3978	166.4	66.2	49800	78	42.5
444	29.0	11387	163.7	77.7	39300	73	41.5
1386	15.9	4190	168.5	45.1	36000	79	42.0
1083	22.1	14970	164.2	59.6	49600	65	43.0
972	28.7	11144	160.4	73.8	51000	72	42.5
1309	28.8	11083	165.8	79.2	40300	73	40.5
913	20.2	13057	164.8	54.9	55700	71	42.5
808	27.6	9200	153.5	65.0	37900	75	40.0
831	20.5	8593	160.9	53.1	37700	71	41.5
1129	16.8	4919	156.8	41.3	27500	70	42.5
1555	29.2	11630	154.3	69.5	45700	63	40.5
337	31.5	14180	168.0	88.9	35100	65	41.5
555	15.0	182	160.7	38.7	53800	74	43.0
194	26.8	11994	171.8	79.1	54800	63	42.5
215	28.8	12692	153.1	67.5	29100	71	39.5
12	23.7	12024	163.1	63.0	31800	75	41.5
486	31.5	10415	161.0	81.7	39400	71	43.0
155	19.4	273	154.7	46.4	20600	77	40.5
1307	21.6	6255	165.0	58.8	36400	70	42.0
1506	23.3	12085	155.3	56.2	30000	58	40.0
1542	20.3	9777	166.4	56.2	29700	68	42.0
159	29.0	13026	169.7	83.5	50200	69	43.0
1070	18.9	304	166.7	52.5	46800	76	43.0
342	23.7	14696	167.6	66.6	73800	60	42.0
459	18.5	11994	171.7	54.5	48100	69	44.0
1057	22.4	12662	164.8	60.8	55400	68	41.0
203	24.0	12449	159.6	61.1	35000	68	42.0
1503	25.2	10506	161.0	65.3	30400	75	39.5
1707	20.3	2824	161.2	52.8	65600	64	40.0
294	17.9	5769	158.2	44.8	29400	77	42.5
130	18.1	820	170.1	52.4	28000	79	41.5
407	31.2	13360	168.4	88.5	27100	75	42.5
1206	24.2	10901	154.2	57.5	64700	69	40.0
747	30.5	14332	159.6	77.7	47600	61	42.0
1	20.0	11781	157.9	49.9	46900	64	42.0
1303	24.7	14241	167.1	69.0	41800	69	41.5
48	18.8	9049	172.0	55.6	23000	66	42.5
154	25.7	6862	167.9	72.4	34900	79	42.0
207	27.6	213	160.4	71.0	55500	78	42.0
574	23.8	9200	162.9	63.2	23700	64	41.5
589	26.8	6650	155.9	65.1	53700	69	41.0
1511	24.6	2763	156.4	60.2	51900	72	41.5
1092	24.2	13360	170.5	70.4	41900	67	42.5
362	17.9	6043	174.4	54.4	59000	75	44.5
751	19.5	9231	160.4	50.2	20300	81	40.5
489	24.6	3978	165.3	67.2	15900	84	42.0
377	19.4	9231	169.7	55.9	45700	71	42.0
195	15.6	61	154.2	37.1	28200	74	40.5
1093	23.4	14970	158.2	58.6	60300	54	42.0
1477	19.7	10901	178.0	62.4	45700	64	45.0
1502	23.5	12419	158.8	59.3	42300	75	42.0
947	18.7	11721	162.6	49.4	41600	68	43.5
921	24.7	10020	161.1	64.1	47500	66	41.0
1758	25.4	10536	152.0	58.7	31900	68	40.0
1442	24.6	2581	165.5	67.4	27800	71	41.5
1636	16.1	395	164.8	43.7	40800	80	41.5
1493	16.6	789	166.2	45.9	47600	73	42.0
360	22.8	14939	164.5	61.7	33100	68	41.0
775	24.6	2551	162.0	64.6	30500	74	41.0
630	26.7	11842	161.6	69.7	53000	70	41.5
1201	16.4	1184	161.7	42.9	22200	77	40.0
1248	15.5	2551	158.6	39.0	53100	68	41.0
4	20.2	14302	159.6	51.5	28200	67	40.0
7	24.2	10779	158.7	60.9	37700	71	40.5
1488	26.4	1032	168.7	75.1	66500	74	41.5
924	25.7	4069	167.0	71.7	23200	72	41.0
341	31.9	8381	165.2	87.1	60600	76	42.0
1019	30.3	14666	177.6	95.6	44400	64	43.5
1130	21.4	8320	159.0	54.1	40400	73	40.5
795	15.9	334	172.3	47.2	23700	68	42.0
276	25.1	12419	163.3	66.9	53100	71	41.5
887	19.0	273	166.0	52.4	34400	72	41.5
253	23.0	789	169.4	66.0	33200	73	41.5
1380	24.5	14545	161.9	64.2	59900	64	41.5
1483	28.2	6650	158.1	70.5	36800	70	42.0
1318	20.3	9686	159.2	51.4	17500	66	42.0
837	23.5	486	151.3	53.8	35100	78	40.5
969	20.4	2520	168.9	58.2	51600	76	43.5
1219	23.0	789	168.8	65.5	48600	72	42.0
395	24.6	4099	175.3	75.6	30400	68	41.5
447	21.7	12510	167.7	61.0	24600	65	42.0
607	26.1	1427	169.3	74.8	25300	82	41.5
626	23.1	4919	164.5	62.5	46700	60	41.0
1048	25.8	5800	168.0	72.8	42600	75	42.5
1520	25.8	5617	172.1	76.4	53800	76	43.0
1023	28.6	121	166.2	79.0	29500	76	42.5
240	24.7	14545	161.6	64.5	39100	69	41.5
1485	31.2	13330	163.6	83.5	44000	60	41.0
428	27.3	9231	169.9	78.8	50300	70	41.5
33	25.6	13209	161.8	67.0	44800	73	43.0
1404	18.8	972	170.8	54.8	50900	85	42.5
460	26.7	698	177.4	84.0	43300	79	43.0
1423	22.3	11478	170.9	65.1	48200	78	42.0
1500	26.0	11265	169.9	75.1	37800	66	42.0
1374	29.1	9018	167.3	81.4	24700	75	41.0
565	24.2	4646	160.0	62.0	43900	77	40.0
110	15.4	364	159.4	39.1	33100	77	41.0
1547	26.8	12449	159.3	68.0	40900	64	41.5
470	25.1	4798	168.6	71.3	35700	72	43.0
699	22.9	5526	162.5	60.5	62600	75	40.0
637	29.0	10172	164.8	78.8	24400	70	40.5
481	19.7	10962	167.7	55.4	12000	71	43.0
1148	26.5	12814	159.5	67.4	45800	58	40.5
1430	29.3	6619	161.7	76.6	31600	71	40.5
1135	15.7	91	167.1	43.8	41800	78	41.5
1016	20.3	9990	163.1	54.0	30100	68	42.0
35	28.5	0	163.7	76.4	60400	77	40.5
440	23.6	12176	158.3	59.1	31400	60	40.5
846	24.6	2794	163.8	66.0	26800	82	42.0
1778	22.1	10779	175.7	68.2	72300	62	43.0
990	17.4	789	162.1	45.7	50600	84	42.0
87	21.7	12085	157.5	53.8	55600	70	41.5
870	23.9	8289	171.2	70.0	49600	59	42.0
957	23.7	12449	168.4	67.2	51600	62	42.0
1756	15.6	2520	166.4	43.2	36200	81	42.0
987	20.4	10172	156.4	49.9	33100	73	40.5
1427	16.2	1397	157.4	40.1	42400	73	42.0
1078	25.4	7379	155.0	61.0	36600	65	39.5
75	24.7	2460	167.8	69.5	65700	68	42.0
661	22.8	5223	171.6	67.1	42900	76	43.5
1586	23.6	577	168.0	66.6	62100	69	42.0
588	26.3	911	177.7	83.0	12000	90	43.0
741	23.0	6164	162.1	60.4	58000	78	41.5
1445	23.8	4069	162.9	63.2	17200	69	42.0
340	19.2	12480	165.7	52.7	25100	70	42.5
1593	23.9	14696	163.5	63.9	16000	64	40.5
507	20.4	2277	168.2	57.7	43900	73	40.0
1753	22.3	12662	160.8	57.7	53200	74	41.0
1526	26.8	9200	155.9	65.1	45400	71	41.0
443	20.2	3249	153.4	47.5	36500	73	39.0
748	25.0	11356	168.1	70.6	50800	70	42.5
67	29.6	14393	161.6	77.3	33000	60	40.0
1762	25.1	9929	157.4	62.2	54500	64	41.0
1142	22.1	9261	161.0	57.3	41800	65	41.0
1376	20.6	1883	177.7	65.0	71500	79	43.0
894	30.0	11478	157.8	74.7	52800	57	40.0
450	23.6	13360	169.7	68.0	40700	70	42.5
376	29.0	10324	167.7	81.6	38600	68	42.5
1094	19.8	10233	173.7	59.7	30100	70	42.5
1662	26.0	3735	164.2	70.1	46900	57	43.0
463	22.1	11113	154.9	53.0	39700	65	41.5
367	24.1	11994	171.5	70.9	52700	67	42.0
1108	25.0	13968	163.4	66.7	30700	64	41.5
296	21.4	8320	173.3	64.3	35400	68	44.0
335	23.3	11478	170.3	67.6	36200	65	41.5
1372	22.5	8138	171.5	66.2	40500	62	42.5
776	15.5	3431	180.4	50.4	46600	80	42.5
530	28.6	12783	166.8	79.6	59600	61	43.0
46	24.5	11903	174.4	74.5	18300	65	42.0
402	27.3	304	162.4	72.0	56700	78	41.0
1425	19.0	881	168.5	53.9	47900	80	43.0
1771	24.8	4676	161.7	64.8	20600	77	42.0
58	19.7	9990	168.1	55.7	51800	71	42.5
1706	23.8	11690	167.4	66.7	35900	65	42.0
1361	21.1	7196	151.6	48.5	34500	73	41.0
815	27.6	12632	161.0	71.5	48800	71	42.0
597	18.4	5344	166.5	51.0	41800	76	42.5
678	21.4	9231	150.3	48.3	37400	72	39.5
1612	28.5	121	164.4	77.0	30900	73	42.0
100	23.4	12996	171.6	68.9	34500	72	41.0
1293	23.6	14696	173.5	71.0	47400	62	42.5
834	25.9	5891	159.9	66.2	25200	67	41.5
70	20.2	8836	173.9	61.1	36500	75	42.5
1632	21.0	9868	172.9	62.8	61100	64	44.0
575	27.7	395	151.0	63.2	52100	82	41.0
1784	24.9	12753	165.8	68.4	48900	66	43.0
1259	19.5	11265	166.5	54.1	39500	67	42.5
471	26.1	9322	174.9	79.8	26600	74	41.5
1721	24.9	850	166.9	69.4	36900	80	41.5
106	21.6	14362	174.1	65.5	30800	70	43.0
928	20.0	3796	159.9	51.1	56500	71	41.5
827	16.6	547	154.6	39.7	30800	81	41.0
71	19.2	11812	160.8	49.6	53400	75	41.0
1329	28.0	61	175.3	86.0	62700	71	43.0
753	24.7	2156	171.0	72.2	26700	69	43.5
1729	27.1	121	180.1	87.9	12000	72	43.5
320	23.4	547	155.6	56.7	43200	66	41.5
801	24.3	14211	171.8	71.7	52000	68	43.0
953	31.5	14393	169.9	90.9	36900	61	43.0
620	22.0	10810	163.1	58.5	25900	67	41.0
525	17.6	6498	170.0	50.9	41700	68	42.5
318	19.0	273	165.9	52.3	40200	65	41.0
1580	22.0	8229	168.0	62.1	48900	64	42.5
1658	31.5	12601	169.4	90.4	26700	69	43.0
1395	15.0	30	171.4	44.1	42300	79	42.0
1245	24.2	10931	165.6	66.4	57100	69	42.0
494	31.9	9079	176.6	99.5	20000	58	43.0
298	24.1	10749	163.6	64.5	58900	70	42.0
1584	25.9	3947	177.2	81.3	42700	76	43.0
1179	27.2	30	157.7	67.6	50600	79	40.0
274	31.9	8927	158.6	80.2	22500	72	41.0
665	17.4	729	159.0	44.0	42500	78	40.5
1728	23.3	8168	171.2	68.3	26400	68	44.0
1573	21.4	13117	159.8	54.6	26900	66	39.5
1158	17.6	7986	174.7	53.7	42200	70	41.0
1151	31.9	13694	161.6	83.3	43500	63	41.5
1435	24.5	3796	167.6	68.8	42300	83	43.0
757	29.1	12753	169.2	83.3	66600	63	40.5
388	29.3	6619	158.4	73.5	38400	80	40.5
800	29.6	6650	156.0	72.0	56600	74	40.5
305	20.4	2217	166.8	56.8	27700	70	42.0
1418	18.1	61	163.2	48.2	39100	71	40.5
304	28.6	334	168.2	80.9	22600	83	41.5
1563	24.7	12206	156.3	60.3	50400	63	40.5
50	26.1	12176	162.7	69.1	71300	61	41.5
1317	24.9	12723	163.8	66.8	40700	75	42.0
1192	22.8	5071	149.2	50.8	34500	79	39.0
934	26.0	30	171.5	76.5	45600	89	43.0
1781	25.5	10870	160.1	65.4	61300	67	41.0
1400	30.2	14666	174.7	92.2	51700	59	42.5
1446	26.6	12814	160.5	68.5	44100	72	41.0
1289	23.8	11690	161.6	62.2	56600	69	41.0
260	21.9	5800	156.9	53.9	38900	80	40.5
21	24.8	14393	172.5	73.8	51200	61	43.0
1719	18.6	850	168.0	52.5	23900	75	42.5
641	31.5	14059	174.1	95.5	41300	68	42.0
475	26.0	2186	163.7	69.7	42900	80	42.0
1408	18.1	850	164.7	49.1	22500	70	41.5
1204	21.9	13239	154.1	52.0	38700	65	42.0
1141	25.7	6802	160.9	66.5	24200	76	41.5
1698	25.0	698	166.1	69.0	24000	71	41.0
1782	24.0	13360	167.5	67.3	69400	63	40.5
1121	26.3	3036	176.9	82.3	41400	80	43.0
717	31.5	7409	153.0	73.7	34600	67	39.5
1509	25.9	30	166.5	71.8	41500	79	41.5
1652	22.3	11053	162.6	59.0	36200	73	41.5
1122	20.0	10658	165.5	54.8	30700	62	42.0
609	29.0	11721	165.7	79.6	69100	69	42.5
466	25.2	4798	163.8	67.6	42800	78	42.0
1624	21.6	759	157.6	53.6	56400	78	42.0
610	15.5	3492	156.4	37.9	56100	66	41.0
1279	22.5	12814	163.3	60.0	44100	65	41.5
491	30.9	11690	155.8	75.0	41600	72	41.0
543	25.8	3978	164.3	69.6	19800	77	40.5
1653	23.7	729	163.4	63.3	34100	82	43.0
1597	30.1	11964	149.1	66.9	39300	68	41.0
784	27.5	273	177.6	86.7	24000	80	44.0
549	25.4	12085	165.5	69.6	57100	71	41.0
1260	27.9	121	149.2	62.1	47400	74	40.0
702	21.7	12298	166.6	60.2	57800	68	43.5
1049	24.8	10081	163.7	66.5	38500	65	40.5
378	20.6	10051	156.4	50.4	32500	67	40.0
533	15.7	516	167.0	43.8	54000	80	42.5
84	16.2	1427	158.9	40.9	39600	72	41.5
350	19.7	11053	166.3	54.5	55100	70	42.0
986	20.5	11113	160.4	52.7	47800	68	40.5
1679	21.3	1123	159.1	53.9	36200	78	41.5
1403	30.6	13816	164.9	83.2	64800	66	43.0
257	24.9	11265	154.5	59.4	30100	64	40.5
1574	19.7	2702	164.5	53.3	34600	76	42.0
205	23.9	3978	169.3	68.5	49100	69	43.5
819	31.5	12723	173.3	94.6	43800	72	43.0
1469	23.2	14484	172.1	68.7	46000	65	43.0
1367	19.7	9899	173.8	59.5	42700	66	43.5
1626	27.8	12844	162.0	73.0	43900	59	41.5
794	25.9	11235	158.3	64.9	43000	64	39.0
1565	22.1	5587	170.3	64.1	30900	70	42.5
1338	22.3	9747	161.6	58.2	52800	71	39.0
763	29.0	9868	165.0	79.0	38400	69	42.5
1780	25.1	4555	169.9	72.5	34900	67	43.0
911	18.3	334	178.1	58.0	32800	75	43.0
1562	31.5	12723	168.4	89.3	60700	76	42.0
605	26.0	11569	166.3	71.9	46000	68	40.0
464	18.8	1123	157.7	46.8	61900	73	41.0
1609	24.4	3188	172.6	72.7	37300	67	42.5
238	24.6	3917	167.7	69.2	41200	80	42.5
330	29.5	6680	162.7	78.1	35100	69	41.0
114	26.3	1093	162.1	69.1	13700	85	41.5
473	15.1	152	162.4	39.8	27800	69	42.5
586	24.7	4706	165.3	67.5	35500	67	41.0
871	18.8	1093	155.5	45.5	56800	67	40.0
1208	17.4	5344	172.9	52.0	46900	71	41.0
1673	24.2	12996	171.7	71.3	36600	69	42.5
1487	24.3	4676	163.9	65.3	24300	71	41.0
849	31.8	13816	162.4	83.9	47000	61	42.5
1455	24.1	4676	164.8	65.5	50300	71	43.0
1025	24.5	9565	166.0	67.5	49900	69	42.5
1752	26.7	9231	163.0	70.9	19200	75	42.0
1042	25.4	7318	171.5	74.7	52600	70	43.0
412	19.4	243	155.7	47.0	52600	73	41.0
288	21.1	14514	160.4	54.3	68300	70	42.5
650	19.3	12571	170.0	55.8	33600	71	42.5
420	25.2	4798	167.1	70.4	47100	70	42.0
537	26.9	12237	160.6	69.4	31700	68	41.5
599	19.8	4130	167.6	55.6	29000	69	41.5
415	22.6	11478	159.8	57.7	56300	61	42.5
992	29.1	10567	163.0	77.3	47300	68	41.5
882	23.3	4706	171.8	68.8	58000	73	42.5
118	21.4	6437	171.1	62.6	33100	74	43.0
1513	17.6	759	166.9	49.0	35100	77	41.5
1533	29.5	13421	158.2	73.8	49700	62	41.5
1241	24.9	12692	162.5	65.8	33100	66	42.0
416	20.3	2733	165.6	55.7	56700	72	41.0
1498	21.9	10688	174.5	66.7	40600	71	43.0
798	20.0	9049	153.4	47.1	51100	62	42.0
1283	23.9	820	159.3	60.6	27900	87	41.0
598	15.6	30	172.3	46.3	25400	74	44.0
484	18.9	334	173.8	57.1	44000	71	42.0
269	18.0	5739	164.5	48.7	46400	68	42.0
1553	24.3	9838	175.0	74.4	35900	70	41.5
379	23.3	11447	160.2	59.8	39800	79	41.0
872	28.5	11387	155.2	68.6	34800	65	39.5
16	23.8	8289	170.1	68.9	50100	73	42.5
949	19.2	4676	173.4	57.7	35800	72	44.0
30	19.2	11265	173.3	57.7	51900	65	42.0
516	30.6	13998	159.4	77.7	41000	65	41.0
704	31.5	12723	166.3	87.1	37900	65	43.5
1140	24.9	13209	170.5	72.4	21900	70	43.0
881	21.0	9808	167.0	58.6	39800	78	42.0
1681	31.2	6923	174.4	94.9	45100	72	43.0
821	20.1	10385	162.4	53.0	40400	73	42.0
1115	20.2	10840	164.5	54.7	25600	80	44.0
292	20.8	14089	166.5	57.7	56200	65	43.0
509	21.6	12115	170.4	62.7	71800	68	42.0
654	27.2	9200	163.7	72.9	40400	72	42.0
1407	25.9	13026	171.0	75.7	63000	62	43.0
351	28.9	12662	175.4	88.9	26100	63	43.0
1114	28.6	6589	161.6	74.7	20400	69	41.5
374	25.5	12237	163.9	68.5	34200	67	41.0
52	20.8	12146	171.3	61.0	46000	71	42.5
1470	25.9	12905	177.5	81.6	22300	70	43.0
762	25.1	12449	169.1	71.8	43200	62	43.0
926	24.7	9960	159.9	63.2	65500	63	41.5
1272	29.4	8623	166.3	81.3	23200	83	43.5
1686	29.9	6711	171.2	87.6	31400	77	42.5
1463	24.5	8138	159.7	62.5	28800	72	42.5
492	20.1	3583	158.0	50.2	32500	71	40.0
1284	25.6	61	162.8	67.8	32100	82	41.5
1398	25.1	820	169.3	71.9	30800	80	42.0
863	28.1	6619	156.1	68.5	40300	72	40.5
623	26.8	182	160.5	69.0	43600	77	42.5
352	28.9	13634	166.8	80.4	69500	68	42.0
72	25.9	11387	172.1	76.7	31800	78	43.0
852	25.5	12723	166.9	71.0	38800	64	42.0
567	31.9	13330	167.4	89.4	49900	63	41.0
1033	23.8	12419	171.5	70.0	37700	62	43.0
1207	27.2	30	175.4	83.7	46900	74	42.5
1127	26.6	11660	174.7	81.2	39800	62	42.5
1220	20.4	12783	151.7	46.9	50200	65	41.0
1363	31.8	13269	165.6	87.2	64400	67	41.5
133	20.2	14393	170.9	59.0	32900	66	43.0
1036	22.2	8198	176.0	68.8	55200	74	43.5
1305	26.8	12753	169.2	76.7	25600	65	41.0
1492	21.1	12662	159.4	53.6	42000	71	42.0
754	24.2	12540	160.3	62.2	44500	65	40.0
1514	26.6	6589	160.5	68.5	22700	68	40.5
691	25.4	9018	167.0	70.8	25800	69	43.0
1689	18.7	5101	161.9	49.0	22200	72	41.5
504	24.6	12328	145.2	51.9	23600	65	39.0
427	17.6	486	157.3	43.5	12000	79	41.5
1741	23.0	8168	162.1	60.4	27100	73	40.0
722	18.0	5800	156.1	43.9	38400	75	39.5
705	25.7	4038	157.1	63.4	40200	65	41.0
162	20.2	8715	178.3	64.2	46600	70	43.5
496	28.4	30	164.9	77.2	20800	76	41.5
528	17.7	8047	162.5	46.7	34200	66	42.5
1495	22.5	577	169.3	64.5	59300	81	43.5
228	25.8	6589	172.4	76.7	53100	72	42.0
285	25.6	7105	179.6	82.6	50800	62	43.5
999	25.0	9504	176.1	77.5	31300	71	44.5
1134	15.2	304	167.8	42.8	39600	77	41.5
1711	17.5	7105	155.0	42.0	12000	66	41.0
1691	18.5	1518	158.5	46.5	34000	72	41.0
1218	24.5	2915	162.4	64.6	50900	76	41.5
673	29.1	10779	168.3	82.4	26600	64	43.0
186	20.6	11144	165.6	56.5	20200	65	43.5
1056	24.1	12146	155.4	58.2	44600	64	41.0
655	25.9	12935	154.3	61.7	43700	72	40.5
1396	15.7	121	166.7	43.6	42500	81	42.5
897	24.6	8077	165.8	67.6	36500	74	42.0
1777	30.1	6771	163.6	80.6	31700	76	42.0
1344	21.1	13117	168.1	59.6	50800	66	42.5
1426	17.1	304	173.1	51.2	47500	79	42.0
161	31.5	11933	167.0	87.9	43100	72	43.0
1331	27.8	364	158.9	70.2	30400	78	40.5
1566	17.0	152	177.4	53.5	18000	70	43.5
332	23.3	9717	163.9	62.6	44500	61	41.0
1257	15.5	3036	165.3	42.4	40600	75	43.0
112	31.8	9383	160.8	82.2	39100	66	42.0
1557	26.3	1093	158.0	65.7	38600	72	41.0
1181	18.3	8684	158.5	46.0	25200	64	41.5
1364	28.5	9261	157.1	70.3	40700	70	42.0
1197	31.7	13816	145.4	67.0	53000	65	40.5
1720	21.5	7986	164.0	57.8	29000	76	40.5
1156	27.6	12540	172.2	81.8	21600	70	43.5
56	27.0	152	158.6	67.9	12000	75	40.0
331	22.1	8198	181.6	72.9	52900	74	45.0
220	31.3	14484	174.0	94.8	51400	62	43.0
804	18.4	304	164.9	50.0	50500	70	42.5
465	31.7	11903	157.8	78.9	31400	68	41.0
1037	31.1	6771	154.6	74.3	44100	72	39.5
614	29.4	11296	164.3	79.4	46400	62	40.5
1277	30.4	13360	165.4	83.2	35200	62	42.0
1227	17.6	7743	163.7	47.2	37000	71	42.0
1697	31.5	12146	172.0	93.2	54400	66	44.0
646	23.4	12389	174.7	71.4	63400	63	42.0
333	20.2	13148	168.1	57.1	42700	71	41.5
983	29.2	14362	168.4	82.8	52000	65	41.5
117	19.8	4130	162.9	52.5	57200	69	41.5
1774	22.9	5374	165.0	62.3	29900	72	41.0
1113	24.4	9899	167.7	68.6	30600	66	41.0
284	23.0	12540	162.9	61.0	29000	66	43.5
735	19.5	12935	169.3	55.9	37800	69	42.5
77	21.1	14211	158.1	52.7	42000	63	40.5
738	16.4	486	160.2	42.1	28200	77	40.5
1564	21.0	9686	158.2	52.6	46100	62	42.5
192	29.2	8806	160.7	75.4	49400	71	41.0
1604	22.1	61	163.1	58.8	19200	83	41.0
910	20.3	12571	171.7	59.8	41400	75	43.5
1256	23.7	12389	165.3	64.8	37300	69	41.5
393	29.4	14028	156.7	72.2	35100	79	41.0
1111	27.9	6650	155.9	67.8	36700	75	41.0
32	31.5	14423	162.3	83.0	60000	66	40.5
434	17.5	7743	170.4	50.8	48000	72	42.5
601	24.4	13360	174.1	74.0	23100	72	41.5
1389	19.5	12844	154.7	46.7	50300	68	41.0
899	21.9	12206	167.4	61.4	33400	69	42.0
830	24.0	12298	162.4	63.3	36000	75	41.5
209	21.4	13330	162.9	56.8	41200	67	42.0
1603	20.9	14484	158.1	52.2	45200	62	41.0
1058	15.0	0	163.6	40.1	34800	80	42.0
1413	31.5	10324	157.8	78.4	27300	72	40.5
1011	25.8	61	163.3	68.8	19000	79	42.0
1750	30.8	11690	172.5	91.6	36000	64	42.5
994	23.8	14939	169.1	68.1	30600	68	42.5
319	23.5	516	177.4	74.0	36400	75	44.5
448	26.7	213	168.4	75.7	47900	73	41.5
217	21.6	10658	166.1	59.6	44500	72	42.0
978	16.8	850	168.6	47.8	61600	71	43.0
1744	25.9	6255	160.0	66.3	28100	71	40.0
1620	21.8	10719	151.4	50.0	33300	71	40.0
1253	24.2	9838	170.2	70.1	40900	67	42.0
925	31.8	8077	153.3	74.7	71200	74	40.5
324	21.4	14271	172.3	63.5	32700	69	41.0
865	22.9	5405	169.9	66.1	37900	71	41.5
631	24.3	9838	159.5	61.8	52600	66	41.0
797	17.6	7804	162.2	46.3	49000	73	41.5
1546	24.7	4099	164.9	67.2	58100	78	42.5
1359	30.2	6650	159.0	76.3	62100	70	42.0
259	27.9	364	168.5	79.2	43600	65	43.5
1365	19.1	2429	169.1	54.6	51200	82	43.0
1402	29.2	14302	155.6	70.7	52300	75	40.0
363	27.1	334	159.6	69.0	33000	78	42.0
263	23.1	12814	164.8	62.7	19300	74	43.0
109	18.5	8806	172.4	55.0	39100	60	42.5
401	25.2	8775	169.2	72.1	36600	71	42.5
1560	21.4	12206	149.8	48.0	53700	73	39.5
1254	24.8	9352	163.1	66.0	43400	70	41.0
446	21.8	152	168.1	61.6	50600	71	42.5
980	22.9	6528	159.8	58.5	23300	76	40.5
1321	31.2	6802	159.3	79.2	57900	77	41.5
329	22.1	5587	160.1	56.6	12000	69	40.5
231	24.7	2186	163.0	65.6	31000	78	40.5
37	22.8	8138	158.6	57.4	50800	77	40.5
1167	25.3	11872	169.3	72.5	36200	77	41.5
710	18.5	1366	159.4	47.0	27300	68	41.5
169	27.6	12571	158.3	69.2	38400	75	42.5
1554	25.8	6559	162.4	68.0	53500	78	43.0
456	21.7	425	174.6	66.2	19000	71	42.5
295	17.0	213	168.4	48.2	51100	80	41.0
1145	28.8	14241	168.8	82.1	60000	60	42.0
552	22.2	15000	166.9	61.8	32700	65	42.0
756	23.3	9140	158.8	58.8	27600	79	42.0
1047	17.4	5344	160.8	45.0	41100	77	42.5
150	31.8	11933	159.7	81.1	35700	66	41.5
1022	24.2	3492	172.1	71.7	40600	69	43.0
95	29.0	10810	166.9	80.8	41200	65	43.0
915	19.8	12480	154.2	47.1	14900	65	40.0
511	24.0	12419	174.4	73.0	28100	57	42.5
1311	23.8	12024	162.8	63.1	24200	69	41.0
671	28.1	516	169.2	80.4	43000	75	41.5
766	17.5	7773	171.8	51.7	52200	80	43.0
1508	18.8	4949	148.3	41.3	33500	75	39.0
1341	24.3	8381	168.0	68.6	45100	69	41.0
